Bell curve

a = 0.0000002905
k = 0.200000
t = 0.010000
qq = 5
pp = 10

S = 820000
I = 8200
