# dim=2, rows=5375
39, -6523.67, 2437.15, 0.997453
39, -6523.67, 2437.15, 4.08302e-06
39, -6523.67, 2437.15, 1.24655e-05
39, -6523.67, 2437.15, 0.00237009
39, -6523.67, 2437.15, 0.000160435
39, -6531.23, 2931.4, 0.997453
39, -6531.23, 2931.4, 4.08302e-06
39, -6531.23, 2931.4, 1.24655e-05
39, -6531.23, 2931.4, 0.00237009
39, -6531.23, 2931.4, 0.000160435
39, -6102.61, 3075.88, 0.997453
39, -6102.61, 3075.88, 4.08302e-06
39, -6102.61, 3075.88, 1.24655e-05
39, -6102.61, 3075.88, 0.00237009
39, -6102.61, 3075.88, 0.000160435
39, -5824.43, 2431.68, 0.997453
39, -5824.43, 2431.68, 4.08302e-06
39, -5824.43, 2431.68, 1.24655e-05
39, -5824.43, 2431.68, 0.00237009
39, -5824.43, 2431.68, 0.000160435
39, -4861.53, 2173.86, 0.997453
39, -4861.53, 2173.86, 4.08302e-06
39, -4861.53, 2173.86, 1.24655e-05
39, -4861.53, 2173.86, 0.00237009
39, -4861.53, 2173.86, 0.000160435
39, -4716.97, 1148.9, 0.997453
39, -4716.97, 1148.9, 4.08302e-06
39, -4716.97, 1148.9, 1.24655e-05
39, -4716.97, 1148.9, 0.00237009
39, -4716.97, 1148.9, 0.000160435
39, -5248.01, 1011.24, 0.997452
39, -5248.01, 1011.24, 4.08383e-06
39, -5248.01, 1011.24, 1.2467e-05
39, -5248.01, 1011.24, 0.00237101
39, -5248.01, 1011.24, 0.000160435
39, -6182.94, 1458.47, 0.99745
39, -6182.94, 1458.47, 4.07987e-06
39, -6182.94, 1458.47, 1.24596e-05
39, -6182.94, 1458.47, 0.00237318
39, -6182.94, 1458.47, 0.000160435
39, -5054.77, 1592.55, 0.997453
39, -5054.77, 1592.55, 4.08302e-06
39, -5054.77, 1592.55, 1.24655e-05
39, -5054.77, 1592.55, 0.00237009
39, -5054.77, 1592.55, 0.000160435
39, -5522.24, 1816.17, 0.997453
39, -5522.24, 1816.17, 4.08302e-06
39, -5522.24, 1816.17, 1.24655e-05
39, -5522.24, 1816.17, 0.00237009
39, -5522.24, 1816.17, 0.000160435
39, -5715.47, 1234.86, 0.997451
39, -5715.47, 1234.86, 4.08481e-06
39, -5715.47, 1234.86, 1.24689e-05
39, -5715.47, 1234.86, 0.00237211
39, -5715.47, 1234.86, 0.000160435
39, -5342.98, 2302.77, 0.997453
39, -5342.98, 2302.77, 4.08302e-06
39, -5342.98, 2302.77, 1.24655e-05
39, -5342.98, 2302.77, 0.00237009
39, -5342.98, 2302.77, 0.000160435
39, -6003.69, 1945.08, 0.997453
39, -6003.69, 1945.08, 4.08302e-06
39, -6003.69, 1945.08, 1.24655e-05
39, -6003.69, 1945.08, 0.00237009
39, -6003.69, 1945.08, 0.000160435
39, -6464.04, 1732.24, 0.997451
39, -6464.04, 1732.24, 4.09021e-06
39, -6464.04, 1732.24, 1.24791e-05
39, -6464.04, 1732.24, 0.00237175
39, -6464.04, 1732.24, 0.000160435
39, -5151.39, 1301.9, 0.997453
39, -5151.39, 1301.9, 4.08302e-06
39, -5151.39, 1301.9, 1.24655e-05
39, -5151.39, 1301.9, 0.00237009
39, -5151.39, 1301.9, 0.000160435
39, -5385.12, 1413.71, 0.997453
39, -5385.12, 1413.71, 4.08302e-06
39, -5385.12, 1413.71, 1.24655e-05
39, -5385.12, 1413.71, 0.00237009
39, -5385.12, 1413.71, 0.000160435
39, -5481.74, 1123.05, 0.997451
39, -5481.74, 1123.05, 4.08481e-06
39, -5481.74, 1123.05, 1.24689e-05
39, -5481.74, 1123.05, 0.00237211
39, -5481.74, 1123.05, 0.000160435
39, -5191.89, 1995.02, 0.997453
39, -5191.89, 1995.02, 4.08302e-06
39, -5191.89, 1995.02, 1.24655e-05
39, -5191.89, 1995.02, 0.00237009
39, -5191.89, 1995.02, 0.000160435
39, -5288.5, 1704.36, 0.997453
39, -5288.5, 1704.36, 4.08302e-06
39, -5288.5, 1704.36, 1.24655e-05
39, -5288.5, 1704.36, 0.00237009
39, -5288.5, 1704.36, 0.000160435
39, -4958.15, 1883.21, 0.997453
39, -4958.15, 1883.21, 4.08302e-06
39, -4958.15, 1883.21, 1.24655e-05
39, -4958.15, 1883.21, 0.00237009
39, -4958.15, 1883.21, 0.000160435
39, -5949.2, 1346.67, 0.997453
39, -5949.2, 1346.67, 4.08302e-06
39, -5949.2, 1346.67, 1.24655e-05
39, -5949.2, 1346.67, 0.00237009
39, -5949.2, 1346.67, 0.000160435
39, -5618.85, 1525.51, 0.997453
39, -5618.85, 1525.51, 4.08302e-06
39, -5618.85, 1525.51, 1.24655e-05
39, -5618.85, 1525.51, 0.00237009
39, -5618.85, 1525.51, 0.000160435
39, -5852.59, 1637.32, 0.997453
39, -5852.59, 1637.32, 4.08302e-06
39, -5852.59, 1637.32, 1.24655e-05
39, -5852.59, 1637.32, 0.00237009
39, -5852.59, 1637.32, 0.000160435
39, -5102.26, 2238.32, 0.997453
39, -5102.26, 2238.32, 4.08302e-06
39, -5102.26, 2238.32, 1.24655e-05
39, -5102.26, 2238.32, 0.00237009
39, -5102.26, 2238.32, 0.000160435
39, -5432.61, 2059.47, 0.997453
39, -5432.61, 2059.47, 4.08302e-06
39, -5432.61, 2059.47, 1.24655e-05
39, -5432.61, 2059.47, 0.00237009
39, -5432.61, 2059.47, 0.000160435
39, -5762.96, 1880.62, 0.997453
39, -5762.96, 1880.62, 4.08302e-06
39, -5762.96, 1880.62, 1.24655e-05
39, -5762.96, 1880.62, 0.00237009
39, -5762.96, 1880.62, 0.000160435
39, -6093.31, 1701.77, 0.997453
39, -6093.31, 1701.77, 4.08302e-06
39, -6093.31, 1701.77, 1.24655e-05
39, -6093.31, 1701.77, 0.00237009
39, -6093.31, 1701.77, 0.000160435
39, -5673.33, 2123.92, 0.997453
39, -5673.33, 2123.92, 4.08302e-06
39, -5673.33, 2123.92, 1.24655e-05
39, -5673.33, 2123.92, 0.00237009
39, -5673.33, 2123.92, 0.000160435
39, -4789.25, 1661.38, 0.997453
39, -4789.25, 1661.38, 4.08302e-06
39, -4789.25, 1661.38, 1.24655e-05
39, -4789.25, 1661.38, 0.00237009
39, -4789.25, 1661.38, 0.000160435
39, -4885.87, 1370.73, 0.997453
39, -4885.87, 1370.73, 4.08302e-06
39, -4885.87, 1370.73, 1.24655e-05
39, -4885.87, 1370.73, 0.00237009
39, -4885.87, 1370.73, 0.000160435
39, -4982.49, 1080.07, 0.997453
39, -4982.49, 1080.07, 4.08302e-06
39, -4982.49, 1080.07, 1.24655e-05
39, -4982.49, 1080.07, 0.00237009
39, -4982.49, 1080.07, 0.000160435
39, -5914.06, 2188.38, 0.997453
39, -5914.06, 2188.38, 4.08302e-06
39, -5914.06, 2188.38, 1.24655e-05
39, -5914.06, 2188.38, 0.00237009
39, -5914.06, 2188.38, 0.000160435
39, -5583.71, 2367.23, 0.997453
39, -5583.71, 2367.23, 4.08302e-06
39, -5583.71, 2367.23, 1.24655e-05
39, -5583.71, 2367.23, 0.00237009
39, -5583.71, 2367.23, 0.000160435
39, -6263.68, 2191.11, 0.997453
39, -6263.68, 2191.11, 4.08302e-06
39, -6263.68, 2191.11, 1.24655e-05
39, -6263.68, 2191.11, 0.00237009
39, -6263.68, 2191.11, 0.000160435
39, -6174.05, 2434.41, 0.997453
39, -6174.05, 2434.41, 4.08302e-06
39, -6174.05, 2434.41, 1.24655e-05
39, -6174.05, 2434.41, 0.00237009
39, -6174.05, 2434.41, 0.000160435
39, -6353.3, 1947.81, 0.997453
39, -6353.3, 1947.81, 4.08302e-06
39, -6353.3, 1947.81, 1.24655e-05
39, -6353.3, 1947.81, 0.00237009
39, -6353.3, 1947.81, 0.000160435
39, -5963.52, 2753.78, 0.997453
39, -5963.52, 2753.78, 4.08302e-06
39, -5963.52, 2753.78, 1.24655e-05
39, -5963.52, 2753.78, 0.00237009
39, -5963.52, 2753.78, 0.000160435
39, -6313.14, 2756.51, 0.997453
39, -6313.14, 2756.51, 4.08302e-06
39, -6313.14, 2756.51, 1.24655e-05
39, -6313.14, 2756.51, 0.00237009
39, -6313.14, 2756.51, 0.000160435
39, -6915.52, 2495.34, 0.997453
39, -6915.52, 2495.34, 4.08954e-06
39, -6915.52, 2495.34, 1.24778e-05
39, -6915.52, 2495.34, 0.00237054
39, -6915.52, 2495.34, 0.000160435
39, -6527.45, 2684.27, 0.997453
39, -6527.45, 2684.27, 4.08302e-06
39, -6527.45, 2684.27, 1.24655e-05
39, -6527.45, 2684.27, 0.00237009
39, -6527.45, 2684.27, 0.000160435
39, -6316.92, 3003.64, 0.997453
39, -6316.92, 3003.64, 4.08302e-06
39, -6316.92, 3003.64, 1.24655e-05
39, -6316.92, 3003.64, 0.00237009
39, -6316.92, 3003.64, 0.000160435
39, -6120.61, 1174.85, 0.99745
39, -6120.61, 1174.85, 4.08047e-06
39, -6120.61, 1174.85, 1.24607e-05
39, -6120.61, 1174.85, 0.00237246
39, -6120.61, 1174.85, 0.000160435
39, -6634.41, 2221.57, 0.997453
39, -6634.41, 2221.57, 4.08523e-06
39, -6634.41, 2221.57, 1.24696e-05
39, -6634.41, 2221.57, 0.00237026
39, -6634.41, 2221.57, 0.000160435
39, -6774.96, 2358.46, 0.997453
39, -6774.96, 2358.46, 4.08523e-06
39, -6774.96, 2358.46, 1.24697e-05
39, -6774.96, 2358.46, 0.00237026
39, -6774.96, 2358.46, 0.000160435
39, -6493.86, 2084.69, 0.997453
39, -6493.86, 2084.69, 4.08721e-06
39, -6493.86, 2084.69, 1.24734e-05
39, -6493.86, 2084.69, 0.00237042
39, -6493.86, 2084.69, 0.000160435
39, -5199.7, 1156.57, 0.997453
39, -5199.7, 1156.57, 4.08302e-06
39, -5199.7, 1156.57, 1.24655e-05
39, -5199.7, 1156.57, 0.00237009
39, -5199.7, 1156.57, 0.000160435
39, -5103.08, 1447.23, 0.997453
39, -5103.08, 1447.23, 4.08302e-06
39, -5103.08, 1447.23, 1.24655e-05
39, -5103.08, 1447.23, 0.00237009
39, -5103.08, 1447.23, 0.000160435
39, -5219.95, 1503.13, 0.997453
39, -5219.95, 1503.13, 4.08302e-06
39, -5219.95, 1503.13, 1.24655e-05
39, -5219.95, 1503.13, 0.00237009
39, -5219.95, 1503.13, 0.000160435
39, -5550.3, 1324.28, 0.997453
39, -5550.3, 1324.28, 4.08302e-06
39, -5550.3, 1324.28, 1.24655e-05
39, -5550.3, 1324.28, 0.00237009
39, -5550.3, 1324.28, 0.000160435
39, -5598.61, 1178.96, 0.997451
39, -5598.61, 1178.96, 4.08444e-06
39, -5598.61, 1178.96, 1.24682e-05
39, -5598.61, 1178.96, 0.00237169
39, -5598.61, 1178.96, 0.000160435
39, -5364.87, 1067.15, 0.997451
39, -5364.87, 1067.15, 4.08444e-06
39, -5364.87, 1067.15, 1.24682e-05
39, -5364.87, 1067.15, 0.00237169
39, -5364.87, 1067.15, 0.000160435
39, -5026.71, 2084.44, 0.997453
39, -5026.71, 2084.44, 4.08302e-06
39, -5026.71, 2084.44, 1.24655e-05
39, -5026.71, 2084.44, 0.00237009
39, -5026.71, 2084.44, 0.000160435
39, -5357.06, 1905.59, 0.997453
39, -5357.06, 1905.59, 4.08302e-06
39, -5357.06, 1905.59, 1.24655e-05
39, -5357.06, 1905.59, 0.00237009
39, -5357.06, 1905.59, 0.000160435
39, -5405.37, 1760.26, 0.997453
39, -5405.37, 1760.26, 4.08302e-06
39, -5405.37, 1760.26, 1.24655e-05
39, -5405.37, 1760.26, 0.00237009
39, -5405.37, 1760.26, 0.000160435
39, -5171.64, 1648.46, 0.997453
39, -5171.64, 1648.46, 4.08302e-06
39, -5171.64, 1648.46, 1.24655e-05
39, -5171.64, 1648.46, 0.00237009
39, -5171.64, 1648.46, 0.000160435
39, -5006.46, 1737.88, 0.997453
39, -5006.46, 1737.88, 4.08302e-06
39, -5006.46, 1737.88, 1.24655e-05
39, -5006.46, 1737.88, 0.00237009
39, -5006.46, 1737.88, 0.000160435
39, -4909.84, 2028.54, 0.997453
39, -4909.84, 2028.54, 4.08302e-06
39, -4909.84, 2028.54, 1.24655e-05
39, -4909.84, 2028.54, 0.00237009
39, -4909.84, 2028.54, 0.000160435
39, -6066.07, 1402.57, 0.997453
39, -6066.07, 1402.57, 4.08301e-06
39, -6066.07, 1402.57, 1.24655e-05
39, -6066.07, 1402.57, 0.00237009
39, -6066.07, 1402.57, 0.000160435
39, -5832.34, 1290.76, 0.997452
39, -5832.34, 1290.76, 4.08392e-06
39, -5832.34, 1290.76, 1.24672e-05
39, -5832.34, 1290.76, 0.00237111
39, -5832.34, 1290.76, 0.000160435
39, -5667.16, 1380.19, 0.997453
39, -5667.16, 1380.19, 4.08302e-06
39, -5667.16, 1380.19, 1.24655e-05
39, -5667.16, 1380.19, 0.00237009
39, -5667.16, 1380.19, 0.000160435
39, -5570.54, 1670.84, 0.997453
39, -5570.54, 1670.84, 4.08302e-06
39, -5570.54, 1670.84, 1.24655e-05
39, -5570.54, 1670.84, 0.00237009
39, -5570.54, 1670.84, 0.000160435
39, -5687.41, 1726.74, 0.997453
39, -5687.41, 1726.74, 4.08302e-06
39, -5687.41, 1726.74, 1.24655e-05
39, -5687.41, 1726.74, 0.00237009
39, -5687.41, 1726.74, 0.000160435
39, -6017.76, 1547.9, 0.997453
39, -6017.76, 1547.9, 4.08302e-06
39, -6017.76, 1547.9, 1.24655e-05
39, -6017.76, 1547.9, 0.00237009
39, -6017.76, 1547.9, 0.000160435
39, -5222.62, 2270.54, 0.997453
39, -5222.62, 2270.54, 4.08302e-06
39, -5222.62, 2270.54, 1.24655e-05
39, -5222.62, 2270.54, 0.00237009
39, -5222.62, 2270.54, 0.000160435
39, -4981.9, 2206.09, 0.997453
39, -4981.9, 2206.09, 4.08302e-06
39, -4981.9, 2206.09, 1.24655e-05
39, -4981.9, 2206.09, 0.00237009
39, -4981.9, 2206.09, 0.000160435
39, -5387.8, 2181.12, 0.997453
39, -5387.8, 2181.12, 4.08302e-06
39, -5387.8, 2181.12, 1.24655e-05
39, -5387.8, 2181.12, 0.00237009
39, -5387.8, 2181.12, 0.000160435
39, -5477.42, 1937.82, 0.997453
39, -5477.42, 1937.82, 4.08302e-06
39, -5477.42, 1937.82, 1.24655e-05
39, -5477.42, 1937.82, 0.00237009
39, -5477.42, 1937.82, 0.000160435
39, -5642.6, 1848.39, 0.997453
39, -5642.6, 1848.39, 4.08302e-06
39, -5642.6, 1848.39, 1.24655e-05
39, -5642.6, 1848.39, 0.00237009
39, -5642.6, 1848.39, 0.000160435
39, -5883.32, 1912.85, 0.997453
39, -5883.32, 1912.85, 4.08302e-06
39, -5883.32, 1912.85, 1.24655e-05
39, -5883.32, 1912.85, 0.00237009
39, -5883.32, 1912.85, 0.000160435
39, -6048.5, 1823.42, 0.997453
39, -6048.5, 1823.42, 4.08302e-06
39, -6048.5, 1823.42, 1.24655e-05
39, -6048.5, 1823.42, 0.00237009
39, -6048.5, 1823.42, 0.000160435
39, -6138.12, 1580.12, 0.997453
39, -6138.12, 1580.12, 4.08301e-06
39, -6138.12, 1580.12, 1.24655e-05
39, -6138.12, 1580.12, 0.0023701
39, -6138.12, 1580.12, 0.000160435
39, -5838.51, 2034.5, 0.997453
39, -5838.51, 2034.5, 4.08302e-06
39, -5838.51, 2034.5, 1.24655e-05
39, -5838.51, 2034.5, 0.00237009
39, -5838.51, 2034.5, 0.000160435
39, -5508.16, 2213.35, 0.997453
39, -5508.16, 2213.35, 4.08302e-06
39, -5508.16, 2213.35, 1.24655e-05
39, -5508.16, 2213.35, 0.00237009
39, -5508.16, 2213.35, 0.000160435
39, -4825.39, 1917.62, 0.997453
39, -4825.39, 1917.62, 4.08302e-06
39, -4825.39, 1917.62, 1.24655e-05
39, -4825.39, 1917.62, 0.00237009
39, -4825.39, 1917.62, 0.000160435
39, -4753.11, 1405.14, 0.997453
39, -4753.11, 1405.14, 4.08302e-06
39, -4753.11, 1405.14, 1.24655e-05
39, -4753.11, 1405.14, 0.00237009
39, -4753.11, 1405.14, 0.000160435
39, -4970.32, 1481.64, 0.997453
39, -4970.32, 1481.64, 4.08302e-06
39, -4970.32, 1481.64, 1.24655e-05
39, -4970.32, 1481.64, 0.00237009
39, -4970.32, 1481.64, 0.000160435
39, -4801.42, 1259.81, 0.997453
39, -4801.42, 1259.81, 4.08302e-06
39, -4801.42, 1259.81, 1.24655e-05
39, -4801.42, 1259.81, 0.00237009
39, -4801.42, 1259.81, 0.000160435
39, -4849.73, 1114.48, 0.997453
39, -4849.73, 1114.48, 4.08302e-06
39, -4849.73, 1114.48, 1.24655e-05
39, -4849.73, 1114.48, 0.00237009
39, -4849.73, 1114.48, 0.000160435
39, -5115.25, 1045.66, 0.997453
39, -5115.25, 1045.66, 4.08302e-06
39, -5115.25, 1045.66, 1.24655e-05
39, -5115.25, 1045.66, 0.00237009
39, -5115.25, 1045.66, 0.000160435
39, -5869.25, 2310.03, 0.997453
39, -5869.25, 2310.03, 4.08302e-06
39, -5869.25, 2310.03, 1.24655e-05
39, -5869.25, 2310.03, 0.00237009
39, -5869.25, 2310.03, 0.000160435
39, -5958.87, 2066.73, 0.997453
39, -5958.87, 2066.73, 4.08302e-06
39, -5958.87, 2066.73, 1.24655e-05
39, -5958.87, 2066.73, 0.00237009
39, -5958.87, 2066.73, 0.000160435
39, -5704.07, 2399.45, 0.997453
39, -5704.07, 2399.45, 4.08302e-06
39, -5704.07, 2399.45, 1.24655e-05
39, -5704.07, 2399.45, 0.00237009
39, -5704.07, 2399.45, 0.000160435
39, -5463.35, 2335, 0.997453
39, -5463.35, 2335, 4.08302e-06
39, -5463.35, 2335, 1.24655e-05
39, -5463.35, 2335, 0.00237009
39, -5463.35, 2335, 0.000160435
39, -6133.68, 2068.09, 0.997453
39, -6133.68, 2068.09, 4.08302e-06
39, -6133.68, 2068.09, 1.24655e-05
39, -6133.68, 2068.09, 0.00237009
39, -6133.68, 2068.09, 0.000160435
39, -6393.68, 2314.13, 0.997453
39, -6393.68, 2314.13, 4.08302e-06
39, -6393.68, 2314.13, 1.24655e-05
39, -6393.68, 2314.13, 0.00237009
39, -6393.68, 2314.13, 0.000160435
39, -5999.24, 2433.05, 0.997453
39, -5999.24, 2433.05, 4.08302e-06
39, -5999.24, 2433.05, 1.24655e-05
39, -5999.24, 2433.05, 0.00237009
39, -5999.24, 2433.05, 0.000160435
39, -6348.86, 2435.78, 0.997453
39, -6348.86, 2435.78, 4.08302e-06
39, -6348.86, 2435.78, 1.24655e-05
39, -6348.86, 2435.78, 0.00237009
39, -6348.86, 2435.78, 0.000160435
39, -6438.49, 2192.48, 0.997453
39, -6438.49, 2192.48, 4.08303e-06
39, -6438.49, 2192.48, 1.24655e-05
39, -6438.49, 2192.48, 0.00237009
39, -6438.49, 2192.48, 0.000160435
39, -6268.12, 1703.14, 0.997449
39, -6268.12, 1703.14, 4.07928e-06
39, -6268.12, 1703.14, 1.24584e-05
39, -6268.12, 1703.14, 0.00237376
39, -6268.12, 1703.14, 0.000160435
39, -6033.06, 2914.83, 0.997453
39, -6033.06, 2914.83, 4.08302e-06
39, -6033.06, 2914.83, 1.24655e-05
39, -6033.06, 2914.83, 0.00237009
39, -6033.06, 2914.83, 0.000160435
39, -5893.98, 2592.73, 0.997453
39, -5893.98, 2592.73, 4.08302e-06
39, -5893.98, 2592.73, 1.24655e-05
39, -5893.98, 2592.73, 0.00237009
39, -5893.98, 2592.73, 0.000160435
39, -6418.41, 2596.83, 0.997453
39, -6418.41, 2596.83, 4.08302e-06
39, -6418.41, 2596.83, 1.24655e-05
39, -6418.41, 2596.83, 0.00237009
39, -6418.41, 2596.83, 0.000160435
39, -6207.87, 2916.2, 0.997453
39, -6207.87, 2916.2, 4.08302e-06
39, -6207.87, 2916.2, 1.24655e-05
39, -6207.87, 2916.2, 0.00237009
39, -6207.87, 2916.2, 0.000160435
39, -5316.56, 1212.48, 0.997453
39, -5316.56, 1212.48, 4.08302e-06
39, -5316.56, 1212.48, 1.24655e-05
39, -5316.56, 1212.48, 0.00237009
39, -5316.56, 1212.48, 0.000160435
39, -5268.25, 1357.8, 0.997453
39, -5268.25, 1357.8, 4.08302e-06
39, -5268.25, 1357.8, 1.24655e-05
39, -5268.25, 1357.8, 0.00237009
39, -5268.25, 1357.8, 0.000160435
39, -5433.43, 1268.38, 0.997453
39, -5433.43, 1268.38, 4.08302e-06
39, -5433.43, 1268.38, 1.24655e-05
39, -5433.43, 1268.38, 0.00237009
39, -5433.43, 1268.38, 0.000160435
39, -5075.02, 1939.11, 0.997453
39, -5075.02, 1939.11, 4.08302e-06
39, -5075.02, 1939.11, 1.24655e-05
39, -5075.02, 1939.11, 0.00237009
39, -5075.02, 1939.11, 0.000160435
39, -5240.19, 1849.69, 0.997453
39, -5240.19, 1849.69, 4.08302e-06
39, -5240.19, 1849.69, 1.24655e-05
39, -5240.19, 1849.69, 0.00237009
39, -5240.19, 1849.69, 0.000160435
39, -5123.33, 1793.79, 0.997453
39, -5123.33, 1793.79, 4.08302e-06
39, -5123.33, 1793.79, 1.24655e-05
39, -5123.33, 1793.79, 0.00237009
39, -5123.33, 1793.79, 0.000160435
39, -5900.9, 1491.99, 0.997453
39, -5900.9, 1491.99, 4.08302e-06
39, -5900.9, 1491.99, 1.24655e-05
39, -5900.9, 1491.99, 0.00237009
39, -5900.9, 1491.99, 0.000160435
39, -5784.03, 1436.09, 0.997453
39, -5784.03, 1436.09, 4.08302e-06
39, -5784.03, 1436.09, 1.24655e-05
39, -5784.03, 1436.09, 0.00237009
39, -5784.03, 1436.09, 0.000160435
39, -5735.72, 1581.42, 0.997453
39, -5735.72, 1581.42, 4.08302e-06
39, -5735.72, 1581.42, 1.24655e-05
39, -5735.72, 1581.42, 0.00237009
39, -5735.72, 1581.42, 0.000160435
39, -5336.81, 1559.03, 0.997453
39, -5336.81, 1559.03, 4.08302e-06
39, -5336.81, 1559.03, 1.24655e-05
39, -5336.81, 1559.03, 0.00237009
39, -5336.81, 1559.03, 0.000160435
39, -5453.68, 1614.94, 0.997453
39, -5453.68, 1614.94, 4.08302e-06
39, -5453.68, 1614.94, 1.24655e-05
39, -5453.68, 1614.94, 0.00237009
39, -5453.68, 1614.94, 0.000160435
39, -5501.99, 1469.61, 0.997453
39, -5501.99, 1469.61, 4.08302e-06
39, -5501.99, 1469.61, 1.24655e-05
39, -5501.99, 1469.61, 0.00237009
39, -5501.99, 1469.61, 0.000160435
39, -5147.07, 2116.67, 0.997453
39, -5147.07, 2116.67, 4.08302e-06
39, -5147.07, 2116.67, 1.24655e-05
39, -5147.07, 2116.67, 0.00237009
39, -5147.07, 2116.67, 0.000160435
39, -5267.43, 2148.89, 0.997453
39, -5267.43, 2148.89, 4.08302e-06
39, -5267.43, 2148.89, 1.24655e-05
39, -5267.43, 2148.89, 0.00237009
39, -5267.43, 2148.89, 0.000160435
39, -5312.25, 2027.24, 0.997453
39, -5312.25, 2027.24, 4.08302e-06
39, -5312.25, 2027.24, 1.24655e-05
39, -5312.25, 2027.24, 0.00237009
39, -5312.25, 2027.24, 0.000160435
39, -5972.95, 1669.55, 0.997453
39, -5972.95, 1669.55, 4.08302e-06
39, -5972.95, 1669.55, 1.24655e-05
39, -5972.95, 1669.55, 0.00237009
39, -5972.95, 1669.55, 0.000160435
39, -5807.77, 1758.97, 0.997453
39, -5807.77, 1758.97, 4.08302e-06
39, -5807.77, 1758.97, 1.24655e-05
39, -5807.77, 1758.97, 0.00237009
39, -5807.77, 1758.97, 0.000160435
39, -5928.14, 1791.2, 0.997453
39, -5928.14, 1791.2, 4.08302e-06
39, -5928.14, 1791.2, 1.24655e-05
39, -5928.14, 1791.2, 0.00237009
39, -5928.14, 1791.2, 0.000160435
39, -5552.97, 2091.7, 0.997453
39, -5552.97, 2091.7, 4.08302e-06
39, -5552.97, 2091.7, 1.24655e-05
39, -5552.97, 2091.7, 0.00237009
39, -5552.97, 2091.7, 0.000160435
39, -5718.15, 2002.27, 0.997453
39, -5718.15, 2002.27, 4.08302e-06
39, -5718.15, 2002.27, 1.24655e-05
39, -5718.15, 2002.27, 0.00237009
39, -5718.15, 2002.27, 0.000160435
39, -5597.79, 1970.05, 0.997453
39, -5597.79, 1970.05, 4.08302e-06
39, -5597.79, 1970.05, 1.24655e-05
39, -5597.79, 1970.05, 0.00237009
39, -5597.79, 1970.05, 0.000160435
39, -4837.56, 1516.05, 0.997453
39, -4837.56, 1516.05, 4.08302e-06
39, -4837.56, 1516.05, 1.24655e-05
39, -4837.56, 1516.05, 0.00237009
39, -4837.56, 1516.05, 0.000160435
39, -4873.7, 1772.3, 0.997453
39, -4873.7, 1772.3, 4.08302e-06
39, -4873.7, 1772.3, 1.24655e-05
39, -4873.7, 1772.3, 0.00237009
39, -4873.7, 1772.3, 0.000160435
39, -4922.01, 1626.97, 0.997453
39, -4922.01, 1626.97, 4.08302e-06
39, -4922.01, 1626.97, 1.24655e-05
39, -4922.01, 1626.97, 0.00237009
39, -4922.01, 1626.97, 0.000160435
39, -4934.18, 1225.4, 0.997453
39, -4934.18, 1225.4, 4.08302e-06
39, -4934.18, 1225.4, 1.24655e-05
39, -4934.18, 1225.4, 0.00237009
39, -4934.18, 1225.4, 0.000160435
39, -5018.63, 1336.31, 0.997453
39, -5018.63, 1336.31, 4.08302e-06
39, -5018.63, 1336.31, 1.24655e-05
39, -5018.63, 1336.31, 0.00237009
39, -5018.63, 1336.31, 0.000160435
39, -5066.94, 1190.99, 0.997453
39, -5066.94, 1190.99, 4.08302e-06
39, -5066.94, 1190.99, 1.24655e-05
39, -5066.94, 1190.99, 0.00237009
39, -5066.94, 1190.99, 0.000160435
39, -5748.88, 2277.8, 0.997453
39, -5748.88, 2277.8, 4.08302e-06
39, -5748.88, 2277.8, 1.24655e-05
39, -5748.88, 2277.8, 0.00237009
39, -5748.88, 2277.8, 0.000160435
39, -5793.7, 2156.15, 0.997453
39, -5793.7, 2156.15, 4.08302e-06
39, -5793.7, 2156.15, 1.24655e-05
39, -5793.7, 2156.15, 0.00237009
39, -5793.7, 2156.15, 0.000160435
39, -5628.52, 2245.57, 0.997453
39, -5628.52, 2245.57, 4.08302e-06
39, -5628.52, 2245.57, 1.24655e-05
39, -5628.52, 2245.57, 0.00237009
39, -5628.52, 2245.57, 0.000160435
39, -6218.87, 2312.76, 0.997453
39, -6218.87, 2312.76, 4.08302e-06
39, -6218.87, 2312.76, 1.24655e-05
39, -6218.87, 2312.76, 0.00237009
39, -6218.87, 2312.76, 0.000160435
39, -6088.87, 2189.74, 0.997453
39, -6088.87, 2189.74, 4.08302e-06
39, -6088.87, 2189.74, 1.24655e-05
39, -6088.87, 2189.74, 0.00237009
39, -6088.87, 2189.74, 0.000160435
39, -6044.06, 2311.4, 0.997453
39, -6044.06, 2311.4, 4.08302e-06
39, -6044.06, 2311.4, 1.24655e-05
39, -6044.06, 2311.4, 0.00237009
39, -6044.06, 2311.4, 0.000160435
39, -6308.49, 2069.46, 0.997453
39, -6308.49, 2069.46, 4.08302e-06
39, -6308.49, 2069.46, 1.24655e-05
39, -6308.49, 2069.46, 0.00237009
39, -6308.49, 2069.46, 0.000160435
39, -6223.31, 1824.79, 0.997453
39, -6223.31, 1824.79, 4.08301e-06
39, -6223.31, 1824.79, 1.24655e-05
39, -6223.31, 1824.79, 0.0023701
39, -6223.31, 1824.79, 0.000160435
39, -6178.5, 1946.44, 0.997453
39, -6178.5, 1946.44, 4.08302e-06
39, -6178.5, 1946.44, 1.24655e-05
39, -6178.5, 1946.44, 0.00237009
39, -6178.5, 1946.44, 0.000160435
39, -6068.79, 2594.1, 0.997453
39, -6068.79, 2594.1, 4.08302e-06
39, -6068.79, 2594.1, 1.24655e-05
39, -6068.79, 2594.1, 0.00237009
39, -6068.79, 2594.1, 0.000160435
39, -6138.33, 2755.15, 0.997453
39, -6138.33, 2755.15, 4.08302e-06
39, -6138.33, 2755.15, 1.24655e-05
39, -6138.33, 2755.15, 0.00237009
39, -6138.33, 2755.15, 0.000160435
39, -6243.6, 2595.46, 0.997453
39, -6243.6, 2595.46, 4.08302e-06
39, -6243.6, 2595.46, 1.24655e-05
39, -6243.6, 2595.46, 0.00237009
39, -6243.6, 2595.46, 0.000160435
39, -6003.75, 1118.95, 0.997447
39, -6003.75, 1118.95, 4.08765e-06
39, -6003.75, 1118.95, 1.24743e-05
39, -6003.75, 1118.95, 0.00237532
39, -6003.75, 1118.95, 0.000160435
39, -6408.67, 1840.02, 0.997453
39, -6408.67, 1840.02, 4.08355e-06
39, -6408.67, 1840.02, 1.24665e-05
39, -6408.67, 1840.02, 0.0023696
39, -6408.67, 1840.02, 0.000160435
39, -6422.18, 2843.96, 0.997453
39, -6422.18, 2843.96, 4.08302e-06
39, -6422.18, 2843.96, 1.24655e-05
39, -6422.18, 2843.96, 0.00237009
39, -6422.18, 2843.96, 0.000160435
39, -7307.36, 2553.53, 0.997301
39, -7307.36, 2553.53, 5.4156e-06
39, -7307.36, 2553.53, 1.78845e-05
39, -7307.36, 2553.53, 0.00262953
39, -7307.36, 2553.53, 4.57579e-05
39, -8097.94, 2625.2, 0.997301
39, -8097.94, 2625.2, 5.41616e-06
39, -8097.94, 2625.2, 1.78856e-05
39, -8097.94, 2625.2, 0.0026295
39, -8097.94, 2625.2, 4.57579e-05
39, -8093.06, 2270.56, 0.997301
39, -8093.06, 2270.56, 5.41533e-06
39, -8093.06, 2270.56, 1.7884e-05
39, -8093.06, 2270.56, 0.00262952
39, -8093.06, 2270.56, 4.57579e-05
39, -7602.68, 2264.03, 0.997301
39, -7602.68, 2264.03, 5.41615e-06
39, -7602.68, 2264.03, 1.78856e-05
39, -7602.68, 2264.03, 0.0026295
39, -7602.68, 2264.03, 4.57579e-05
39, -7702.65, 2589.37, 0.997301
39, -7702.65, 2589.37, 5.41532e-06
39, -7702.65, 2589.37, 1.7884e-05
39, -7702.65, 2589.37, 0.00262952
39, -7702.65, 2589.37, 4.57579e-05
39, -7700.21, 2412.04, 0.997301
39, -7700.21, 2412.04, 5.41481e-06
39, -7700.21, 2412.04, 1.7883e-05
39, -7700.21, 2412.04, 0.00262953
39, -7700.21, 2412.04, 4.57579e-05
39, -8095.5, 2447.88, 0.997301
39, -8095.5, 2447.88, 5.41491e-06
39, -8095.5, 2447.88, 1.78832e-05
39, -8095.5, 2447.88, 0.00262953
39, -8095.5, 2447.88, 4.57579e-05
39, -7455.02, 2408.78, 0.997301
39, -7455.02, 2408.78, 5.41532e-06
39, -7455.02, 2408.78, 1.7884e-05
39, -7455.02, 2408.78, 0.00262952
39, -7455.02, 2408.78, 4.57579e-05
39, -7750.34, 2119.28, 0.997301
39, -7750.34, 2119.28, 5.41539e-06
39, -7750.34, 2119.28, 1.78841e-05
39, -7750.34, 2119.28, 0.00262961
39, -7750.34, 2119.28, 4.57579e-05
39, -7847.87, 2267.29, 0.997301
39, -7847.87, 2267.29, 5.41493e-06
39, -7847.87, 2267.29, 1.78833e-05
39, -7847.87, 2267.29, 0.00262953
39, -7847.87, 2267.29, 4.57579e-05
39, -7505.01, 2571.45, 0.997301
39, -7505.01, 2571.45, 5.41516e-06
39, -7505.01, 2571.45, 1.78837e-05
39, -7505.01, 2571.45, 0.00262952
39, -7505.01, 2571.45, 4.57579e-05
39, -7900.29, 2607.28, 0.997301
39, -7900.29, 2607.28, 5.41516e-06
39, -7900.29, 2607.28, 1.78837e-05
39, -7900.29, 2607.28, 0.00262952
39, -7900.29, 2607.28, 4.57579e-05
39, -7897.85, 2429.96, 0.997301
39, -7897.85, 2429.96, 5.41481e-06
39, -7897.85, 2429.96, 1.7883e-05
39, -7897.85, 2429.96, 0.00262953
39, -7897.85, 2429.96, 4.57579e-05
39, -7311.74, 3397.3, 0.997277
39, -7311.74, 3397.3, 6.76804e-06
39, -7311.74, 3397.3, 2.27418e-05
39, -7311.74, 3397.3, 0.00261744
39, -7311.74, 3397.3, 7.59423e-05
39, -8003.27, 3676.47, 0.997277
39, -8003.27, 3676.47, 6.76804e-06
39, -8003.27, 3676.47, 2.27418e-05
39, -8003.27, 3676.47, 0.00261744
39, -8003.27, 3676.47, 7.59423e-05
39, -7898, 1974.53, 0.997276
39, -7898, 1974.53, 6.76268e-06
39, -7898, 1974.53, 2.27317e-05
39, -7898, 1974.53, 0.00261843
39, -7898, 1974.53, 7.59422e-05
39, -6745.15, 2006, 0.997277
39, -6745.15, 2006, 6.76515e-06
39, -6745.15, 2006, 2.27363e-05
39, -6745.15, 2006, 0.00261721
39, -6745.15, 2006, 7.59423e-05
39, -8445.89, 3186.68, 0.997277
39, -8445.89, 3186.68, 6.76804e-06
39, -8445.89, 3186.68, 2.27418e-05
39, -8445.89, 3186.68, 0.00261744
39, -8445.89, 3186.68, 7.59423e-05
39, -7655.32, 3115, 0.997277
39, -7655.32, 3115, 6.76804e-06
39, -7655.32, 3115, 2.27418e-05
39, -7655.32, 3115, 0.00261744
39, -7655.32, 3115, 7.59423e-05
39, -8193.32, 1685.04, 0.997276
39, -8193.32, 1685.04, 6.7646e-06
39, -8193.32, 1685.04, 2.27353e-05
39, -8193.32, 1685.04, 0.00261821
39, -8193.32, 1685.04, 7.59423e-05
39, -7276.45, 2091.48, 0.997277
39, -7276.45, 2091.48, 6.76804e-06
39, -7276.45, 2091.48, 2.27418e-05
39, -7276.45, 2091.48, 0.00261744
39, -7276.45, 2091.48, 7.59423e-05
39, -6995.35, 1817.71, 0.997277
39, -6995.35, 1817.71, 6.76804e-06
39, -6995.35, 1817.71, 2.27418e-05
39, -6995.35, 1817.71, 0.00261744
39, -6995.35, 1817.71, 7.59423e-05
39, -7026.26, 2279.76, 0.997277
39, -7026.26, 2279.76, 6.76515e-06
39, -7026.26, 2279.76, 2.27363e-05
39, -7026.26, 2279.76, 0.00261721
39, -7026.26, 2279.76, 7.59423e-05
39, -8388.38, 1981.06, 0.99728
39, -8388.38, 1981.06, 6.76021e-06
39, -8388.38, 1981.06, 2.2727e-05
39, -8388.38, 1981.06, 0.00261474
39, -8388.38, 1981.06, 7.59421e-05
39, -8224.58, 3431.57, 0.997277
39, -8224.58, 3431.57, 6.76804e-06
39, -8224.58, 3431.57, 2.27418e-05
39, -8224.58, 3431.57, 0.00261744
39, -8224.58, 3431.57, 7.59423e-05
39, -8050.6, 3150.84, 0.997277
39, -8050.6, 3150.84, 6.76804e-06
39, -8050.6, 3150.84, 2.27418e-05
39, -8050.6, 3150.84, 0.00261744
39, -8050.6, 3150.84, 7.59423e-05
39, -7829.29, 3395.74, 0.997277
39, -7829.29, 3395.74, 6.76804e-06
39, -7829.29, 3395.74, 2.27418e-05
39, -7829.29, 3395.74, 0.00261744
39, -7829.29, 3395.74, 7.59423e-05
39, -8493.22, 2661.04, 0.99728
39, -8493.22, 2661.04, 6.75959e-06
39, -8493.22, 2661.04, 2.27258e-05
39, -8493.22, 2661.04, 0.00261453
39, -8493.22, 2661.04, 7.59421e-05
39, -8271.91, 2905.94, 0.997277
39, -8271.91, 2905.94, 6.76804e-06
39, -8271.91, 2905.94, 2.27418e-05
39, -8271.91, 2905.94, 0.00261744
39, -8271.91, 2905.94, 7.59423e-05
39, -8667.2, 2941.78, 0.997277
39, -8667.2, 2941.78, 6.76803e-06
39, -8667.2, 2941.78, 2.27418e-05
39, -8667.2, 2941.78, 0.00261744
39, -8667.2, 2941.78, 7.59423e-05
39, -7481.34, 2834.26, 0.997277
39, -7481.34, 2834.26, 6.76804e-06
39, -7481.34, 2834.26, 2.27418e-05
39, -7481.34, 2834.26, 0.00261744
39, -7481.34, 2834.26, 7.59423e-05
39, -7876.63, 2870.1, 0.997277
39, -7876.63, 2870.1, 6.76804e-06
39, -7876.63, 2870.1, 2.27418e-05
39, -7876.63, 2870.1, 0.00261744
39, -7876.63, 2870.1, 7.59423e-05
39, -7657.5, 3536.89, 0.997277
39, -7657.5, 3536.89, 6.76804e-06
39, -7657.5, 3536.89, 2.27418e-05
39, -7657.5, 3536.89, 0.00261744
39, -7657.5, 3536.89, 7.59423e-05
39, -7483.53, 3256.15, 0.997277
39, -7483.53, 3256.15, 6.76804e-06
39, -7483.53, 3256.15, 2.27418e-05
39, -7483.53, 3256.15, 0.00261744
39, -7483.53, 3256.15, 7.59423e-05
39, -7309.55, 2975.42, 0.997277
39, -7309.55, 2975.42, 6.76804e-06
39, -7309.55, 2975.42, 2.27418e-05
39, -7309.55, 2975.42, 0.00261744
39, -7309.55, 2975.42, 7.59423e-05
39, -8881.19, 2164.91, 0.997281
39, -8881.19, 2164.91, 6.75716e-06
39, -8881.19, 2164.91, 2.27212e-05
39, -8881.19, 2164.91, 0.00261369
39, -8881.19, 2164.91, 7.59421e-05
39, -8485.9, 2129.07, 0.997279
39, -8485.9, 2129.07, 6.76321e-06
39, -8485.9, 2129.07, 2.27326e-05
39, -8485.9, 2129.07, 0.00261561
39, -8485.9, 2129.07, 7.59422e-05
39, -8490.78, 2483.72, 0.997279
39, -8490.78, 2483.72, 6.76246e-06
39, -8490.78, 2483.72, 2.27312e-05
39, -8490.78, 2483.72, 0.00261548
39, -8490.78, 2483.72, 7.59422e-05
39, -8488.34, 2306.39, 0.997277
39, -8488.34, 2306.39, 6.76708e-06
39, -8488.34, 2306.39, 2.274e-05
39, -8488.34, 2306.39, 0.00261723
39, -8488.34, 2306.39, 7.59423e-05
39, -7995.53, 2122.55, 0.997277
39, -7995.53, 2122.55, 6.76533e-06
39, -7995.53, 2122.55, 2.27367e-05
39, -7995.53, 2122.55, 0.00261749
39, -7995.53, 2122.55, 7.59423e-05
39, -8045.66, 1829.79, 0.997276
39, -8045.66, 1829.79, 6.76399e-06
39, -8045.66, 1829.79, 2.27342e-05
39, -8045.66, 1829.79, 0.00261834
39, -8045.66, 1829.79, 7.59422e-05
39, -8340.98, 1540.29, 0.997278
39, -8340.98, 1540.29, 6.76487e-06
39, -8340.98, 1540.29, 2.27358e-05
39, -8340.98, 1540.29, 0.00261635
39, -8340.98, 1540.29, 7.59423e-05
39, -7291.91, 2322.5, 0.997277
39, -7291.91, 2322.5, 6.76632e-06
39, -7291.91, 2322.5, 2.27385e-05
39, -7291.91, 2322.5, 0.00261747
39, -7291.91, 2322.5, 7.59423e-05
39, -7261, 1860.45, 0.997276
39, -7261, 1860.45, 6.76432e-06
39, -7261, 1860.45, 2.27348e-05
39, -7261, 1860.45, 0.00261827
39, -7261, 1860.45, 7.59422e-05
39, -7120.45, 1723.57, 0.997276
39, -7120.45, 1723.57, 6.76235e-06
39, -7120.45, 1723.57, 2.27311e-05
39, -7120.45, 1723.57, 0.00261871
39, -7120.45, 1723.57, 7.59422e-05
39, -6870.25, 1911.86, 0.997277
39, -6870.25, 1911.86, 6.76804e-06
39, -6870.25, 1911.86, 2.27418e-05
39, -6870.25, 1911.86, 0.00261744
39, -6870.25, 1911.86, 7.59423e-05
39, -7166.81, 2416.65, 0.997277
39, -7166.81, 2416.65, 6.76386e-06
39, -7166.81, 2416.65, 2.27339e-05
39, -7166.81, 2416.65, 0.00261729
39, -7166.81, 2416.65, 7.59422e-05
39, -6885.7, 2142.88, 0.997277
39, -6885.7, 2142.88, 6.76572e-06
39, -6885.7, 2142.88, 2.27374e-05
39, -6885.7, 2142.88, 0.00261726
39, -6885.7, 2142.88, 7.59423e-05
39, -6729.7, 1774.98, 0.997277
39, -6729.7, 1774.98, 6.76742e-06
39, -6729.7, 1774.98, 2.27406e-05
39, -6729.7, 1774.98, 0.00261757
39, -6729.7, 1774.98, 7.59423e-05
39, -6604.6, 1869.12, 0.997277
39, -6604.6, 1869.12, 6.76265e-06
39, -6604.6, 1869.12, 2.27316e-05
39, -6604.6, 1869.12, 0.00261701
39, -6604.6, 1869.12, 7.59422e-05
39, -8143.19, 1977.8, 0.997277
39, -8143.19, 1977.8, 6.76804e-06
39, -8143.19, 1977.8, 2.27418e-05
39, -8143.19, 1977.8, 0.00261744
39, -8143.19, 1977.8, 7.59423e-05
39, -8177.86, 1454.01, 0.997277
39, -8177.86, 1454.01, 6.75939e-06
39, -8177.86, 1454.01, 2.27255e-05
39, -8177.86, 1454.01, 0.00261797
39, -8177.86, 1454.01, 7.59421e-05
39, -7439.57, 2177.75, 0.997277
39, -7439.57, 2177.75, 6.76416e-06
39, -7439.57, 2177.75, 2.27345e-05
39, -7439.57, 2177.75, 0.00261752
39, -7439.57, 2177.75, 7.59422e-05
39, -7587.23, 2033.01, 0.997276
39, -7587.23, 2033.01, 6.76261e-06
39, -7587.23, 2033.01, 2.27315e-05
39, -7587.23, 2033.01, 0.00261831
39, -7587.23, 2033.01, 7.59422e-05
39, -7424.11, 1946.73, 0.997276
39, -7424.11, 1946.73, 6.76429e-06
39, -7424.11, 1946.73, 2.27347e-05
39, -7424.11, 1946.73, 0.00261827
39, -7424.11, 1946.73, 7.59422e-05
39, -7151.36, 2185.62, 0.997277
39, -7151.36, 2185.62, 6.76804e-06
39, -7151.36, 2185.62, 2.27418e-05
39, -7151.36, 2185.62, 0.00261744
39, -7151.36, 2185.62, 7.59423e-05
39, -7135.9, 1954.6, 0.997277
39, -7135.9, 1954.6, 6.76804e-06
39, -7135.9, 1954.6, 2.27418e-05
39, -7135.9, 1954.6, 0.00261744
39, -7135.9, 1954.6, 7.59423e-05
39, -7010.8, 2048.74, 0.997277
39, -7010.8, 2048.74, 6.76804e-06
39, -7010.8, 2048.74, 2.27418e-05
39, -7010.8, 2048.74, 0.00261744
39, -7010.8, 2048.74, 7.59423e-05
39, -6979.89, 1586.69, 0.997275
39, -6979.89, 1586.69, 6.75977e-06
39, -6979.89, 1586.69, 2.27262e-05
39, -6979.89, 1586.69, 0.00261928
39, -6979.89, 1586.69, 7.59421e-05
39, -6854.8, 1680.83, 0.997276
39, -6854.8, 1680.83, 6.76472e-06
39, -6854.8, 1680.83, 2.27355e-05
39, -6854.8, 1680.83, 0.00261818
39, -6854.8, 1680.83, 7.59423e-05
39, -6589.14, 1638.09, 0.997275
39, -6589.14, 1638.09, 6.75579e-06
39, -6589.14, 1638.09, 2.27187e-05
39, -6589.14, 1638.09, 0.00261897
39, -6589.14, 1638.09, 7.5942e-05
39, -8438.51, 1688.3, 0.997279
39, -8438.51, 1688.3, 6.7624e-06
39, -8438.51, 1688.3, 2.27311e-05
39, -8438.51, 1688.3, 0.0026155
39, -8438.51, 1688.3, 7.59422e-05
39, -8290.85, 1833.05, 0.997277
39, -8290.85, 1833.05, 6.76735e-06
39, -8290.85, 1833.05, 2.27405e-05
39, -8290.85, 1833.05, 0.0026172
39, -8290.85, 1833.05, 7.59423e-05
39, -8240.72, 2125.81, 0.997276
39, -8240.72, 2125.81, 6.76907e-06
39, -8240.72, 2125.81, 2.27438e-05
39, -8240.72, 2125.81, 0.00261868
39, -8240.72, 2125.81, 7.59424e-05
39, -8335.23, 3309.12, 0.997277
39, -8335.23, 3309.12, 6.76804e-06
39, -8335.23, 3309.12, 2.27418e-05
39, -8335.23, 3309.12, 0.00261744
39, -8335.23, 3309.12, 7.59423e-05
39, -8113.92, 3554.02, 0.997277
39, -8113.92, 3554.02, 6.76804e-06
39, -8113.92, 3554.02, 2.27418e-05
39, -8113.92, 3554.02, 0.00261744
39, -8113.92, 3554.02, 7.59423e-05
39, -8248.25, 3168.76, 0.997277
39, -8248.25, 3168.76, 6.76804e-06
39, -8248.25, 3168.76, 2.27418e-05
39, -8248.25, 3168.76, 0.00261744
39, -8248.25, 3168.76, 7.59423e-05
39, -7852.96, 3132.92, 0.997277
39, -7852.96, 3132.92, 6.76804e-06
39, -7852.96, 3132.92, 2.27418e-05
39, -7852.96, 3132.92, 0.00261744
39, -7852.96, 3132.92, 7.59423e-05
39, -7916.28, 3536.1, 0.997277
39, -7916.28, 3536.1, 6.76804e-06
39, -7916.28, 3536.1, 2.27418e-05
39, -7916.28, 3536.1, 0.00261744
39, -7916.28, 3536.1, 7.59423e-05
39, -7742.3, 3255.37, 0.997277
39, -7742.3, 3255.37, 6.76804e-06
39, -7742.3, 3255.37, 2.27418e-05
39, -7742.3, 3255.37, 0.00261744
39, -7742.3, 3255.37, 7.59423e-05
39, -8295.58, 2643.12, 0.997276
39, -8295.58, 2643.12, 6.76955e-06
39, -8295.58, 2643.12, 2.27447e-05
39, -8295.58, 2643.12, 0.00261893
39, -8295.58, 2643.12, 7.59424e-05
39, -8184.92, 2765.57, 0.997277
39, -8184.92, 2765.57, 6.76654e-06
39, -8184.92, 2765.57, 2.2739e-05
39, -8184.92, 2765.57, 0.00261747
39, -8184.92, 2765.57, 7.59423e-05
39, -8358.9, 3046.31, 0.997277
39, -8358.9, 3046.31, 6.76804e-06
39, -8358.9, 3046.31, 2.27418e-05
39, -8358.9, 3046.31, 0.00261744
39, -8358.9, 3046.31, 7.59423e-05
39, -8777.85, 2819.33, 0.997281
39, -8777.85, 2819.33, 6.7572e-06
39, -8777.85, 2819.33, 2.27213e-05
39, -8777.85, 2819.33, 0.0026137
39, -8777.85, 2819.33, 7.59421e-05
39, -8556.54, 3064.23, 0.997277
39, -8556.54, 3064.23, 6.76804e-06
39, -8556.54, 3064.23, 2.27418e-05
39, -8556.54, 3064.23, 0.00261744
39, -8556.54, 3064.23, 7.59423e-05
39, -7568.33, 2974.63, 0.997277
39, -7568.33, 2974.63, 6.76804e-06
39, -7568.33, 2974.63, 2.27418e-05
39, -7568.33, 2974.63, 0.00261744
39, -7568.33, 2974.63, 7.59423e-05
39, -7394.35, 2693.9, 0.997277
39, -7394.35, 2693.9, 6.76443e-06
39, -7394.35, 2693.9, 2.2735e-05
39, -7394.35, 2693.9, 0.00261751
39, -7394.35, 2693.9, 7.59422e-05
39, -7765.97, 2992.55, 0.997277
39, -7765.97, 2992.55, 6.76804e-06
39, -7765.97, 2992.55, 2.27418e-05
39, -7765.97, 2992.55, 0.00261744
39, -7765.97, 2992.55, 7.59423e-05
39, -7987.28, 2747.65, 0.997277
39, -7987.28, 2747.65, 6.76504e-06
39, -7987.28, 2747.65, 2.27361e-05
39, -7987.28, 2747.65, 0.0026175
39, -7987.28, 2747.65, 7.59423e-05
39, -7484.62, 3467.1, 0.997277
39, -7484.62, 3467.1, 6.76804e-06
39, -7484.62, 3467.1, 2.27418e-05
39, -7484.62, 3467.1, 0.00261744
39, -7484.62, 3467.1, 7.59423e-05
39, -7830.39, 3606.68, 0.997277
39, -7830.39, 3606.68, 6.76804e-06
39, -7830.39, 3606.68, 2.27418e-05
39, -7830.39, 3606.68, 0.00261744
39, -7830.39, 3606.68, 7.59423e-05
39, -7569.42, 3185.58, 0.997277
39, -7569.42, 3185.58, 6.76804e-06
39, -7569.42, 3185.58, 2.27418e-05
39, -7569.42, 3185.58, 0.00261744
39, -7569.42, 3185.58, 7.59423e-05
39, -7397.63, 3326.73, 0.997277
39, -7397.63, 3326.73, 6.76804e-06
39, -7397.63, 3326.73, 2.27418e-05
39, -7397.63, 3326.73, 0.00261744
39, -7397.63, 3326.73, 7.59423e-05
39, -7310.64, 3186.36, 0.997277
39, -7310.64, 3186.36, 6.76804e-06
39, -7310.64, 3186.36, 2.27418e-05
39, -7310.64, 3186.36, 0.00261744
39, -7310.64, 3186.36, 7.59423e-05
39, -7308.46, 2764.47, 0.997277
39, -7308.46, 2764.47, 6.76841e-06
39, -7308.46, 2764.47, 2.27425e-05
39, -7308.46, 2764.47, 0.00261743
39, -7308.46, 2764.47, 7.59424e-05
39, -8026.94, 3413.66, 0.997277
39, -8026.94, 3413.66, 6.76804e-06
39, -8026.94, 3413.66, 2.27418e-05
39, -8026.94, 3413.66, 0.00261744
39, -8026.94, 3413.66, 7.59423e-05
39, -8137.59, 3291.21, 0.997277
39, -8137.59, 3291.21, 6.76804e-06
39, -8137.59, 3291.21, 2.27418e-05
39, -8137.59, 3291.21, 0.00261744
39, -8137.59, 3291.21, 7.59423e-05
39, -7939.95, 3273.29, 0.997277
39, -7939.95, 3273.29, 6.76804e-06
39, -7939.95, 3273.29, 2.27418e-05
39, -7939.95, 3273.29, 0.00261744
39, -7939.95, 3273.29, 7.59423e-05
39, -8580.21, 2801.41, 0.997278
39, -8580.21, 2801.41, 6.76442e-06
39, -8580.21, 2801.41, 2.27349e-05
39, -8580.21, 2801.41, 0.00261619
39, -8580.21, 2801.41, 7.59422e-05
39, -8382.57, 2783.49, 0.997277
39, -8382.57, 2783.49, 6.76804e-06
39, -8382.57, 2783.49, 2.27418e-05
39, -8382.57, 2783.49, 0.00261744
39, -8382.57, 2783.49, 7.59423e-05
39, -8469.56, 2923.86, 0.997277
39, -8469.56, 2923.86, 6.76804e-06
39, -8469.56, 2923.86, 2.27418e-05
39, -8469.56, 2923.86, 0.00261744
39, -8469.56, 2923.86, 7.59423e-05
39, -7591.99, 2711.81, 0.997277
39, -7591.99, 2711.81, 6.76504e-06
39, -7591.99, 2711.81, 2.27361e-05
39, -7591.99, 2711.81, 0.0026175
39, -7591.99, 2711.81, 7.59423e-05
39, -7678.98, 2852.18, 0.997277
39, -7678.98, 2852.18, 6.76804e-06
39, -7678.98, 2852.18, 2.27418e-05
39, -7678.98, 2852.18, 0.00261744
39, -7678.98, 2852.18, 7.59423e-05
39, -7789.64, 2729.73, 0.997277
39, -7789.64, 2729.73, 6.76504e-06
39, -7789.64, 2729.73, 2.27361e-05
39, -7789.64, 2729.73, 0.0026175
39, -7789.64, 2729.73, 7.59423e-05
39, -8161.26, 3028.39, 0.997277
39, -8161.26, 3028.39, 6.76804e-06
39, -8161.26, 3028.39, 2.27418e-05
39, -8161.26, 3028.39, 0.00261744
39, -8161.26, 3028.39, 7.59423e-05
39, -8074.27, 2888.02, 0.997277
39, -8074.27, 2888.02, 6.76804e-06
39, -8074.27, 2888.02, 2.27418e-05
39, -8074.27, 2888.02, 0.00261744
39, -8074.27, 2888.02, 7.59423e-05
39, -7963.61, 3010.47, 0.997277
39, -7963.61, 3010.47, 6.76804e-06
39, -7963.61, 3010.47, 2.27418e-05
39, -7963.61, 3010.47, 0.00261744
39, -7963.61, 3010.47, 7.59423e-05
39, -7570.51, 3396.52, 0.997277
39, -7570.51, 3396.52, 6.76804e-06
39, -7570.51, 3396.52, 2.27418e-05
39, -7570.51, 3396.52, 0.00261744
39, -7570.51, 3396.52, 7.59423e-05
39, -7743.4, 3466.31, 0.997277
39, -7743.4, 3466.31, 6.76804e-06
39, -7743.4, 3466.31, 2.27418e-05
39, -7743.4, 3466.31, 0.00261744
39, -7743.4, 3466.31, 7.59423e-05
39, -7656.41, 3325.94, 0.997277
39, -7656.41, 3325.94, 6.76804e-06
39, -7656.41, 3325.94, 2.27418e-05
39, -7656.41, 3325.94, 0.00261744
39, -7656.41, 3325.94, 7.59423e-05
39, -7396.54, 3115.78, 0.997277
39, -7396.54, 3115.78, 6.76804e-06
39, -7396.54, 3115.78, 2.27418e-05
39, -7396.54, 3115.78, 0.00261744
39, -7396.54, 3115.78, 7.59423e-05
39, -7482.43, 3045.21, 0.997277
39, -7482.43, 3045.21, 6.76804e-06
39, -7482.43, 3045.21, 2.27418e-05
39, -7482.43, 3045.21, 0.00261744
39, -7482.43, 3045.21, 7.59423e-05
39, -7395.44, 2904.84, 0.997277
39, -7395.44, 2904.84, 6.76804e-06
39, -7395.44, 2904.84, 2.27418e-05
39, -7395.44, 2904.84, 0.00261744
39, -7395.44, 2904.84, 7.59423e-05
39, -10253.7, 683.474, 0.998487
39, -10253.7, 683.474, 3.49577e-06
39, -10253.7, 683.474, 1.10531e-05
39, -10253.7, 683.474, 0.00146576
39, -10253.7, 683.474, 3.24713e-05
39, -10453, 956.944, 0.998487
39, -10453, 956.944, 3.49577e-06
39, -10453, 956.944, 1.10531e-05
39, -10453, 956.944, 0.00146576
39, -10453, 956.944, 3.24713e-05
39, -9829.54, 1153.79, 0.998487
39, -9829.54, 1153.79, 3.49577e-06
39, -9829.54, 1153.79, 1.10531e-05
39, -9829.54, 1153.79, 0.00146576
39, -9829.54, 1153.79, 3.24713e-05
39, -9768.13, 1861.27, 0.998487
39, -9768.13, 1861.27, 3.49577e-06
39, -9768.13, 1861.27, 1.10531e-05
39, -9768.13, 1861.27, 0.00146576
39, -9768.13, 1861.27, 3.24713e-05
39, -10492.3, 1660.25, 0.998487
39, -10492.3, 1660.25, 3.49577e-06
39, -10492.3, 1660.25, 1.10531e-05
39, -10492.3, 1660.25, 0.00146576
39, -10492.3, 1660.25, 3.24713e-05
39, -10788.3, 1828.83, 0.998487
39, -10788.3, 1828.83, 3.49577e-06
39, -10788.3, 1828.83, 1.10531e-05
39, -10788.3, 1828.83, 0.00146576
39, -10788.3, 1828.83, 3.24713e-05
39, -10235.8, 2566.51, 0.998487
39, -10235.8, 2566.51, 3.49577e-06
39, -10235.8, 2566.51, 1.10531e-05
39, -10235.8, 2566.51, 0.00146576
39, -10235.8, 2566.51, 3.24713e-05
39, -9269.04, 2579.51, 0.998487
39, -9269.04, 2579.51, 3.49577e-06
39, -9269.04, 2579.51, 1.10531e-05
39, -9269.04, 2579.51, 0.00146576
39, -9269.04, 2579.51, 3.24713e-05
39, -9403.68, 3020.52, 0.998487
39, -9403.68, 3020.52, 3.49577e-06
39, -9403.68, 3020.52, 1.10531e-05
39, -9403.68, 3020.52, 0.00146576
39, -9403.68, 3020.52, 3.24713e-05
39, -8951.58, 3164.84, 0.998487
39, -8951.58, 3164.84, 3.49577e-06
39, -8951.58, 3164.84, 1.10531e-05
39, -8951.58, 3164.84, 0.00146576
39, -8951.58, 3164.84, 3.24713e-05
39, -8888.51, 2696.88, 0.998486
39, -8888.51, 2696.88, 3.49818e-06
39, -8888.51, 2696.88, 1.10577e-05
39, -8888.51, 2696.88, 0.00146659
39, -8888.51, 2696.88, 3.24714e-05
39, -8488.64, 1395.54, 0.998486
39, -8488.64, 1395.54, 3.49871e-06
39, -8488.64, 1395.54, 1.10587e-05
39, -8488.64, 1395.54, 0.00146676
39, -8488.64, 1395.54, 3.24714e-05
39, -8878.75, 1987.58, 0.998486
39, -8878.75, 1987.58, 3.4994e-06
39, -8878.75, 1987.58, 1.106e-05
39, -8878.75, 1987.58, 0.001467
39, -8878.75, 1987.58, 3.24714e-05
39, -8645.78, 599.011, 0.998484
39, -8645.78, 599.011, 3.49505e-06
39, -8645.78, 599.011, 1.10518e-05
39, -8645.78, 599.011, 0.0014687
39, -8645.78, 599.011, 3.24713e-05
39, -9316.23, 478.135, 0.998487
39, -9316.23, 478.135, 3.49577e-06
39, -9316.23, 478.135, 1.10531e-05
39, -9316.23, 478.135, 0.00146576
39, -9316.23, 478.135, 3.24713e-05
39, -9159.09, 1274.66, 0.998487
39, -9159.09, 1274.66, 3.49577e-06
39, -9159.09, 1274.66, 1.10531e-05
39, -9159.09, 1274.66, 0.00146576
39, -9159.09, 1274.66, 3.24713e-05
39, -8883.63, 2342.23, 0.998485
39, -8883.63, 2342.23, 3.50086e-06
39, -8883.63, 2342.23, 1.10627e-05
39, -8883.63, 2342.23, 0.0014675
39, -8883.63, 2342.23, 3.24715e-05
39, -9752.43, 2573.01, 0.998487
39, -9752.43, 2573.01, 3.49577e-06
39, -9752.43, 2573.01, 1.10531e-05
39, -9752.43, 2573.01, 0.00146576
39, -9752.43, 2573.01, 3.24713e-05
39, -10002, 2213.89, 0.998487
39, -10002, 2213.89, 3.49577e-06
39, -10002, 2213.89, 1.10531e-05
39, -10002, 2213.89, 0.00146576
39, -10002, 2213.89, 3.24713e-05
39, -9518.59, 2220.39, 0.998487
39, -9518.59, 2220.39, 3.49577e-06
39, -9518.59, 2220.39, 1.10531e-05
39, -9518.59, 2220.39, 0.00146576
39, -9518.59, 2220.39, 3.24713e-05
39, -10364.1, 2113.38, 0.998487
39, -10364.1, 2113.38, 3.49577e-06
39, -10364.1, 2113.38, 1.10531e-05
39, -10364.1, 2113.38, 0.00146576
39, -10364.1, 2113.38, 3.24713e-05
39, -10130.2, 1760.76, 0.998487
39, -10130.2, 1760.76, 3.49577e-06
39, -10130.2, 1760.76, 1.10531e-05
39, -10130.2, 1760.76, 0.00146576
39, -10130.2, 1760.76, 3.24713e-05
39, -8162.41, 1222.99, 0.998481
39, -8162.41, 1222.99, 3.49563e-06
39, -8162.41, 1222.99, 1.10529e-05
39, -8162.41, 1222.99, 0.00147102
39, -8162.41, 1222.99, 3.24713e-05
39, -8567.21, 997.275, 0.998485
39, -8567.21, 997.275, 3.49521e-06
39, -8567.21, 997.275, 1.10521e-05
39, -8567.21, 997.275, 0.00146806
39, -8567.21, 997.275, 3.24713e-05
39, -8981.01, 538.573, 0.998487
39, -8981.01, 538.573, 3.49577e-06
39, -8981.01, 538.573, 1.10531e-05
39, -8981.01, 538.573, 0.00146576
39, -8981.01, 538.573, 3.24713e-05
39, -8902.43, 936.837, 0.998487
39, -8902.43, 936.837, 3.49577e-06
39, -8902.43, 936.837, 1.10531e-05
39, -8902.43, 936.837, 0.00146576
39, -8902.43, 936.837, 3.24713e-05
39, -9237.66, 876.399, 0.998487
39, -9237.66, 876.399, 3.49577e-06
39, -9237.66, 876.399, 1.10531e-05
39, -9237.66, 876.399, 0.00146576
39, -9237.66, 876.399, 3.24713e-05
39, -8724.35, 200.746, 0.998487
39, -8724.35, 200.746, 3.51207e-06
39, -8724.35, 200.746, 1.10838e-05
39, -8724.35, 200.746, 0.00146581
39, -8724.35, 200.746, 3.24718e-05
39, -9059.58, 140.308, 0.998488
39, -9059.58, 140.308, 3.5198e-06
39, -9059.58, 140.308, 1.10984e-05
39, -9059.58, 140.308, 0.0014648
39, -9059.58, 140.308, 3.2472e-05
39, -8823.86, 1335.1, 0.998487
39, -8823.86, 1335.1, 3.49577e-06
39, -8823.86, 1335.1, 1.10531e-05
39, -8823.86, 1335.1, 0.00146576
39, -8823.86, 1335.1, 3.24713e-05
39, -9572.88, 815.961, 0.998487
39, -9572.88, 815.961, 3.49577e-06
39, -9572.88, 815.961, 1.10531e-05
39, -9572.88, 815.961, 0.00146576
39, -9572.88, 815.961, 3.24713e-05
39, -9494.31, 1214.23, 0.998487
39, -9494.31, 1214.23, 3.49577e-06
39, -9494.31, 1214.23, 1.10531e-05
39, -9494.31, 1214.23, 0.00146576
39, -9494.31, 1214.23, 3.24713e-05
39, -9798.84, 1507.53, 0.998487
39, -9798.84, 1507.53, 3.49577e-06
39, -9798.84, 1507.53, 1.10531e-05
39, -9798.84, 1507.53, 0.00146576
39, -9798.84, 1507.53, 3.24713e-05
39, -9354.14, 1570.69, 0.998487
39, -9354.14, 1570.69, 3.49577e-06
39, -9354.14, 1570.69, 1.10531e-05
39, -9354.14, 1570.69, 0.00146576
39, -9354.14, 1570.69, 3.24713e-05
39, -9323.44, 1924.43, 0.998487
39, -9323.44, 1924.43, 3.49577e-06
39, -9323.44, 1924.43, 1.10531e-05
39, -9323.44, 1924.43, 0.00146576
39, -9323.44, 1924.43, 3.24713e-05
39, -9018.92, 1631.12, 0.998487
39, -9018.92, 1631.12, 3.49577e-06
39, -9018.92, 1631.12, 1.10531e-05
39, -9018.92, 1631.12, 0.00146576
39, -9018.92, 1631.12, 3.24713e-05
39, -8683.69, 1691.56, 0.998487
39, -8683.69, 1691.56, 3.49655e-06
39, -8683.69, 1691.56, 1.10546e-05
39, -8683.69, 1691.56, 0.00146603
39, -8683.69, 1691.56, 3.24714e-05
39, -10486.7, 326.882, 0.998488
39, -10486.7, 326.882, 3.51041e-06
39, -10486.7, 326.882, 1.10807e-05
39, -10486.7, 326.882, 0.00146517
39, -10486.7, 326.882, 3.24717e-05
39, -10007.5, 284.93, 0.998488
39, -10007.5, 284.93, 3.5061e-06
39, -10007.5, 284.93, 1.10726e-05
39, -10007.5, 284.93, 0.00146535
39, -10007.5, 284.93, 3.24716e-05
39, -9528.3, 242.978, 0.998488
39, -9528.3, 242.978, 3.5068e-06
39, -9528.3, 242.978, 1.10739e-05
39, -9528.3, 242.978, 0.00146532
39, -9528.3, 242.978, 3.24716e-05
39, -9784.95, 580.804, 0.998487
39, -9784.95, 580.804, 3.49577e-06
39, -9784.95, 580.804, 1.10531e-05
39, -9784.95, 580.804, 0.00146576
39, -9784.95, 580.804, 3.24713e-05
39, -10041.6, 918.63, 0.998487
39, -10041.6, 918.63, 3.49577e-06
39, -10041.6, 918.63, 1.10531e-05
39, -10041.6, 918.63, 0.00146576
39, -10041.6, 918.63, 3.24713e-05
39, -10353.3, 820.209, 0.998487
39, -10353.3, 820.209, 3.49577e-06
39, -10353.3, 820.209, 1.10531e-05
39, -10353.3, 820.209, 0.00146576
39, -10353.3, 820.209, 3.24713e-05
39, -10141.2, 1055.37, 0.998487
39, -10141.2, 1055.37, 3.49577e-06
39, -10141.2, 1055.37, 1.10531e-05
39, -10141.2, 1055.37, 0.00146576
39, -10141.2, 1055.37, 3.24713e-05
39, -10640.3, 1744.54, 0.998487
39, -10640.3, 1744.54, 3.49577e-06
39, -10640.3, 1744.54, 1.10531e-05
39, -10640.3, 1744.54, 0.00146576
39, -10640.3, 1744.54, 3.24713e-05
39, -10512.1, 2197.67, 0.998487
39, -10512.1, 2197.67, 3.49577e-06
39, -10512.1, 2197.67, 1.10531e-05
39, -10512.1, 2197.67, 0.00146576
39, -10512.1, 2197.67, 3.24713e-05
39, -9336.36, 2800.01, 0.998487
39, -9336.36, 2800.01, 3.49577e-06
39, -9336.36, 2800.01, 1.10531e-05
39, -9336.36, 2800.01, 0.00146576
39, -9336.36, 2800.01, 3.24713e-05
39, -9177.63, 3092.68, 0.998487
39, -9177.63, 3092.68, 3.49577e-06
39, -9177.63, 3092.68, 1.10531e-05
39, -9177.63, 3092.68, 0.00146576
39, -9177.63, 3092.68, 3.24713e-05
39, -8920.04, 2930.86, 0.998487
39, -8920.04, 2930.86, 3.49578e-06
39, -8920.04, 2930.86, 1.10531e-05
39, -8920.04, 2930.86, 0.00146576
39, -8920.04, 2930.86, 3.24713e-05
39, -9078.78, 2638.2, 0.998487
39, -9078.78, 2638.2, 3.49577e-06
39, -9078.78, 2638.2, 1.10531e-05
39, -9078.78, 2638.2, 0.00146576
39, -9078.78, 2638.2, 3.24713e-05
39, -9146.09, 2858.7, 0.998487
39, -9146.09, 2858.7, 3.49577e-06
39, -9146.09, 2858.7, 1.10531e-05
39, -9146.09, 2858.7, 0.00146576
39, -9146.09, 2858.7, 3.24713e-05
39, -9073.9, 2283.55, 0.998486
39, -9073.9, 2283.55, 3.49951e-06
39, -9073.9, 2283.55, 1.10602e-05
39, -9073.9, 2283.55, 0.00146704
39, -9073.9, 2283.55, 3.24714e-05
39, -8886.07, 2519.56, 0.998487
39, -8886.07, 2519.56, 3.49578e-06
39, -8886.07, 2519.56, 1.10532e-05
39, -8886.07, 2519.56, 0.00146576
39, -8886.07, 2519.56, 3.24713e-05
39, -9076.34, 2460.87, 0.998488
39, -9076.34, 2460.87, 3.49341e-06
39, -9076.34, 2460.87, 1.10487e-05
39, -9076.34, 2460.87, 0.00146495
39, -9076.34, 2460.87, 3.24713e-05
39, -9994.13, 2569.76, 0.998487
39, -9994.13, 2569.76, 3.49577e-06
39, -9994.13, 2569.76, 1.10531e-05
39, -9994.13, 2569.76, 0.00146576
39, -9994.13, 2569.76, 3.24713e-05
39, -9510.74, 2576.26, 0.998487
39, -9510.74, 2576.26, 3.49577e-06
39, -9510.74, 2576.26, 1.10531e-05
39, -9510.74, 2576.26, 0.00146576
39, -9510.74, 2576.26, 3.24713e-05
39, -10118.9, 2390.2, 0.998487
39, -10118.9, 2390.2, 3.49577e-06
39, -10118.9, 2390.2, 1.10531e-05
39, -10118.9, 2390.2, 0.00146576
39, -10118.9, 2390.2, 3.24713e-05
39, -9885.05, 2037.58, 0.998487
39, -9885.05, 2037.58, 3.49577e-06
39, -9885.05, 2037.58, 1.10531e-05
39, -9885.05, 2037.58, 0.00146576
39, -9885.05, 2037.58, 3.24713e-05
39, -9393.81, 2399.95, 0.998487
39, -9393.81, 2399.95, 3.49577e-06
39, -9393.81, 2399.95, 1.10531e-05
39, -9393.81, 2399.95, 0.00146576
39, -9393.81, 2399.95, 3.24713e-05
39, -9643.36, 2040.83, 0.998487
39, -9643.36, 2040.83, 3.49577e-06
39, -9643.36, 2040.83, 1.10531e-05
39, -9643.36, 2040.83, 0.00146576
39, -9643.36, 2040.83, 3.24713e-05
39, -10299.9, 2339.95, 0.998487
39, -10299.9, 2339.95, 3.49577e-06
39, -10299.9, 2339.95, 1.10531e-05
39, -10299.9, 2339.95, 0.00146576
39, -10299.9, 2339.95, 3.24713e-05
39, -10428.2, 1886.82, 0.998487
39, -10428.2, 1886.82, 3.49577e-06
39, -10428.2, 1886.82, 1.10531e-05
39, -10428.2, 1886.82, 0.00146576
39, -10428.2, 1886.82, 3.24713e-05
39, -9949.17, 1811.02, 0.998487
39, -9949.17, 1811.02, 3.49577e-06
39, -9949.17, 1811.02, 1.10531e-05
39, -9949.17, 1811.02, 0.00146576
39, -9949.17, 1811.02, 3.24713e-05
39, -10311.3, 1710.51, 0.998487
39, -10311.3, 1710.51, 3.49577e-06
39, -10311.3, 1710.51, 1.10531e-05
39, -10311.3, 1710.51, 0.00146576
39, -10311.3, 1710.51, 3.24713e-05
39, -9635.51, 2396.7, 0.998487
39, -9635.51, 2396.7, 3.49577e-06
39, -9635.51, 2396.7, 1.10531e-05
39, -9635.51, 2396.7, 0.00146576
39, -9635.51, 2396.7, 3.24713e-05
39, -9877.2, 2393.45, 0.998487
39, -9877.2, 2393.45, 3.49577e-06
39, -9877.2, 2393.45, 1.10531e-05
39, -9877.2, 2393.45, 0.00146576
39, -9877.2, 2393.45, 3.24713e-05
39, -9760.28, 2217.14, 0.998487
39, -9760.28, 2217.14, 3.49577e-06
39, -9760.28, 2217.14, 1.10531e-05
39, -9760.28, 2217.14, 0.00146576
39, -9760.28, 2217.14, 3.24713e-05
39, -10183, 2163.64, 0.998487
39, -10183, 2163.64, 3.49577e-06
39, -10183, 2163.64, 1.10531e-05
39, -10183, 2163.64, 0.00146576
39, -10183, 2163.64, 3.24713e-05
39, -10247.1, 1937.07, 0.998487
39, -10247.1, 1937.07, 3.49577e-06
39, -10247.1, 1937.07, 1.10531e-05
39, -10247.1, 1937.07, 0.00146576
39, -10247.1, 1937.07, 3.24713e-05
39, -10066.1, 1987.33, 0.998487
39, -10066.1, 1987.33, 3.49577e-06
39, -10066.1, 1987.33, 1.10531e-05
39, -10066.1, 1987.33, 0.00146576
39, -10066.1, 1987.33, 3.24713e-05
39, -9198.67, 2103.99, 0.998487
39, -9198.67, 2103.99, 3.49578e-06
39, -9198.67, 2103.99, 1.10531e-05
39, -9198.67, 2103.99, 0.00146576
39, -9198.67, 2103.99, 3.24713e-05
39, -10576.2, 1971.11, 0.998487
39, -10576.2, 1971.11, 3.49577e-06
39, -10576.2, 1971.11, 1.10531e-05
39, -10576.2, 1971.11, 0.00146576
39, -10576.2, 1971.11, 3.24713e-05
39, -8325.52, 1309.26, 0.998486
39, -8325.52, 1309.26, 3.49906e-06
39, -8325.52, 1309.26, 1.10593e-05
39, -8325.52, 1309.26, 0.00146689
39, -8325.52, 1309.26, 3.24714e-05
39, -8606.49, 798.143, 0.998484
39, -8606.49, 798.143, 3.49505e-06
39, -8606.49, 798.143, 1.10518e-05
39, -8606.49, 798.143, 0.0014687
39, -8606.49, 798.143, 3.24713e-05
39, -8527.92, 1196.41, 0.998487
39, -8527.92, 1196.41, 3.49578e-06
39, -8527.92, 1196.41, 1.10531e-05
39, -8527.92, 1196.41, 0.00146576
39, -8527.92, 1196.41, 3.24713e-05
39, -8813.39, 568.792, 0.998487
39, -8813.39, 568.792, 3.49577e-06
39, -8813.39, 568.792, 1.10531e-05
39, -8813.39, 568.792, 0.00146576
39, -8813.39, 568.792, 3.24713e-05
39, -9148.62, 508.354, 0.998487
39, -9148.62, 508.354, 3.49577e-06
39, -9148.62, 508.354, 1.10531e-05
39, -9148.62, 508.354, 0.00146576
39, -9148.62, 508.354, 3.24713e-05
39, -9030.76, 1105.75, 0.998487
39, -9030.76, 1105.75, 3.49577e-06
39, -9030.76, 1105.75, 1.10531e-05
39, -9030.76, 1105.75, 0.00146576
39, -9030.76, 1105.75, 3.24713e-05
39, -8774.11, 767.924, 0.998487
39, -8774.11, 767.924, 3.49577e-06
39, -8774.11, 767.924, 1.10531e-05
39, -8774.11, 767.924, 0.00146576
39, -8774.11, 767.924, 3.24713e-05
39, -9276.95, 677.267, 0.998487
39, -9276.95, 677.267, 3.49577e-06
39, -9276.95, 677.267, 1.10531e-05
39, -9276.95, 677.267, 0.00146576
39, -9276.95, 677.267, 3.24713e-05
39, -9198.37, 1075.53, 0.998487
39, -9198.37, 1075.53, 3.49577e-06
39, -9198.37, 1075.53, 1.10531e-05
39, -9198.37, 1075.53, 0.00146576
39, -9198.37, 1075.53, 3.24713e-05
39, -8685.07, 399.879, 0.998484
39, -8685.07, 399.879, 3.49506e-06
39, -8685.07, 399.879, 1.10518e-05
39, -8685.07, 399.879, 0.0014687
39, -8685.07, 399.879, 3.24713e-05
39, -9187.9, 309.221, 0.998487
39, -9187.9, 309.221, 3.4958e-06
39, -9187.9, 309.221, 1.10532e-05
39, -9187.9, 309.221, 0.00146576
39, -9187.9, 309.221, 3.24713e-05
39, -8991.47, 1304.88, 0.998487
39, -8991.47, 1304.88, 3.49577e-06
39, -8991.47, 1304.88, 1.10531e-05
39, -8991.47, 1304.88, 0.00146576
39, -8991.47, 1304.88, 3.24713e-05
39, -8656.25, 1365.32, 0.998487
39, -8656.25, 1365.32, 3.49578e-06
39, -8656.25, 1365.32, 1.10531e-05
39, -8656.25, 1365.32, 0.00146576
39, -8656.25, 1365.32, 3.24713e-05
39, -9701.21, 984.874, 0.998487
39, -9701.21, 984.874, 3.49577e-06
39, -9701.21, 984.874, 1.10531e-05
39, -9701.21, 984.874, 0.00146576
39, -9701.21, 984.874, 3.24713e-05
39, -9444.56, 647.048, 0.998487
39, -9444.56, 647.048, 3.49577e-06
39, -9444.56, 647.048, 1.10531e-05
39, -9444.56, 647.048, 0.00146576
39, -9444.56, 647.048, 3.24713e-05
39, -9661.93, 1184.01, 0.998487
39, -9661.93, 1184.01, 3.49577e-06
39, -9661.93, 1184.01, 1.10531e-05
39, -9661.93, 1184.01, 0.00146576
39, -9661.93, 1184.01, 3.24713e-05
39, -9326.7, 1244.44, 0.998487
39, -9326.7, 1244.44, 3.49577e-06
39, -9326.7, 1244.44, 1.10531e-05
39, -9326.7, 1244.44, 0.00146576
39, -9326.7, 1244.44, 3.24713e-05
39, -9814.19, 1330.66, 0.998487
39, -9814.19, 1330.66, 3.49577e-06
39, -9814.19, 1330.66, 1.10531e-05
39, -9814.19, 1330.66, 0.00146576
39, -9814.19, 1330.66, 3.24713e-05
39, -9783.48, 1684.4, 0.998487
39, -9783.48, 1684.4, 3.49577e-06
39, -9783.48, 1684.4, 1.10531e-05
39, -9783.48, 1684.4, 0.00146576
39, -9783.48, 1684.4, 3.24713e-05
39, -9591.84, 1362.24, 0.998487
39, -9591.84, 1362.24, 3.49577e-06
39, -9591.84, 1362.24, 1.10531e-05
39, -9591.84, 1362.24, 0.00146576
39, -9591.84, 1362.24, 3.24713e-05
39, -9116.45, 1779.13, 0.998487
39, -9116.45, 1779.13, 3.49577e-06
39, -9116.45, 1779.13, 1.10531e-05
39, -9116.45, 1779.13, 0.00146576
39, -9116.45, 1779.13, 3.24713e-05
39, -9545.79, 1892.85, 0.998487
39, -9545.79, 1892.85, 3.49577e-06
39, -9545.79, 1892.85, 1.10531e-05
39, -9545.79, 1892.85, 0.00146576
39, -9545.79, 1892.85, 3.24713e-05
39, -9101.1, 1956.01, 0.998487
39, -9101.1, 1956.01, 3.49578e-06
39, -9101.1, 1956.01, 1.10531e-05
39, -9101.1, 1956.01, 0.00146576
39, -9101.1, 1956.01, 3.24713e-05
39, -9089, 1452.89, 0.998487
39, -9089, 1452.89, 3.49577e-06
39, -9089, 1452.89, 1.10531e-05
39, -9089, 1452.89, 0.00146576
39, -9089, 1452.89, 3.24713e-05
39, -8948.84, 1809.35, 0.998487
39, -8948.84, 1809.35, 3.49578e-06
39, -8948.84, 1809.35, 1.10531e-05
39, -8948.84, 1809.35, 0.00146576
39, -8948.84, 1809.35, 3.24713e-05
39, -8586.17, 1543.55, 0.998486
39, -8586.17, 1543.55, 3.49925e-06
39, -8586.17, 1543.55, 1.10597e-05
39, -8586.17, 1543.55, 0.00146695
39, -8586.17, 1543.55, 3.24714e-05
39, -8781.22, 1839.57, 0.998487
39, -8781.22, 1839.57, 3.49578e-06
39, -8781.22, 1839.57, 1.10531e-05
39, -8781.22, 1839.57, 0.00146576
39, -8781.22, 1839.57, 3.24713e-05
39, -8633.56, 1984.32, 0.998483
39, -8633.56, 1984.32, 3.50763e-06
39, -8633.56, 1984.32, 1.10755e-05
39, -8633.56, 1984.32, 0.00146982
39, -8633.56, 1984.32, 3.24717e-05
39, -10370.2, 505.178, 0.998487
39, -10370.2, 505.178, 3.49578e-06
39, -10370.2, 505.178, 1.10532e-05
39, -10370.2, 505.178, 0.00146576
39, -10370.2, 505.178, 3.24713e-05
39, -10130.6, 484.202, 0.998487
39, -10130.6, 484.202, 3.49578e-06
39, -10130.6, 484.202, 1.10531e-05
39, -10130.6, 484.202, 0.00146576
39, -10130.6, 484.202, 3.24713e-05
39, -9890.99, 463.226, 0.998487
39, -9890.99, 463.226, 3.49578e-06
39, -9890.99, 463.226, 1.10531e-05
39, -9890.99, 463.226, 0.00146576
39, -9890.99, 463.226, 3.24713e-05
39, -9550.59, 529.469, 0.998487
39, -9550.59, 529.469, 3.49577e-06
39, -9550.59, 529.469, 1.10531e-05
39, -9550.59, 529.469, 0.00146576
39, -9550.59, 529.469, 3.24713e-05
39, -10019.3, 632.139, 0.998487
39, -10019.3, 632.139, 3.49577e-06
39, -10019.3, 632.139, 1.10531e-05
39, -10019.3, 632.139, 0.00146576
39, -10019.3, 632.139, 3.24713e-05
39, -9935.57, 1036.21, 0.998487
39, -9935.57, 1036.21, 3.49577e-06
39, -9935.57, 1036.21, 1.10531e-05
39, -9935.57, 1036.21, 0.00146576
39, -9935.57, 1036.21, 3.24713e-05
39, -10147.6, 801.052, 0.998487
39, -10147.6, 801.052, 3.49577e-06
39, -10147.6, 801.052, 1.10531e-05
39, -10147.6, 801.052, 0.00146576
39, -10147.6, 801.052, 3.24713e-05
39, -8364.81, 1110.13, 0.998483
39, -8364.81, 1110.13, 3.49487e-06
39, -8364.81, 1110.13, 1.10515e-05
39, -8364.81, 1110.13, 0.00146943
39, -8364.81, 1110.13, 3.24713e-05
39, -9109.33, 707.486, 0.998487
39, -9109.33, 707.486, 3.49577e-06
39, -9109.33, 707.486, 1.10531e-05
39, -9109.33, 707.486, 0.00146576
39, -9109.33, 707.486, 3.24713e-05
39, -8941.72, 737.705, 0.998487
39, -8941.72, 737.705, 3.49577e-06
39, -8941.72, 737.705, 1.10531e-05
39, -8941.72, 737.705, 0.00146576
39, -8941.72, 737.705, 3.24713e-05
39, -9070.05, 906.618, 0.998487
39, -9070.05, 906.618, 3.49577e-06
39, -9070.05, 906.618, 1.10531e-05
39, -9070.05, 906.618, 0.00146576
39, -9070.05, 906.618, 3.24713e-05
39, -8891.97, 170.527, 0.998488
39, -8891.97, 170.527, 3.50731e-06
39, -8891.97, 170.527, 1.10748e-05
39, -8891.97, 170.527, 0.0014653
39, -8891.97, 170.527, 3.24716e-05
39, -8852.68, 369.659, 0.998487
39, -8852.68, 369.659, 3.49578e-06
39, -8852.68, 369.659, 1.10531e-05
39, -8852.68, 369.659, 0.00146576
39, -8852.68, 369.659, 3.24713e-05
39, -9020.29, 339.44, 0.998487
39, -9020.29, 339.44, 3.49578e-06
39, -9020.29, 339.44, 1.10532e-05
39, -9020.29, 339.44, 0.00146576
39, -9020.29, 339.44, 3.24713e-05
39, -8695.54, 1166.19, 0.998487
39, -8695.54, 1166.19, 3.49577e-06
39, -8695.54, 1166.19, 1.10531e-05
39, -8695.54, 1166.19, 0.00146576
39, -8695.54, 1166.19, 3.24713e-05
39, -8863.15, 1135.97, 0.998487
39, -8863.15, 1135.97, 3.49577e-06
39, -8863.15, 1135.97, 1.10531e-05
39, -8863.15, 1135.97, 0.00146576
39, -8863.15, 1135.97, 3.24713e-05
39, -8734.82, 967.056, 0.998487
39, -8734.82, 967.056, 3.49577e-06
39, -8734.82, 967.056, 1.10531e-05
39, -8734.82, 967.056, 0.00146576
39, -8734.82, 967.056, 3.24713e-05
39, -9533.6, 1015.09, 0.998487
39, -9533.6, 1015.09, 3.49577e-06
39, -9533.6, 1015.09, 1.10531e-05
39, -9533.6, 1015.09, 0.00146576
39, -9533.6, 1015.09, 3.24713e-05
39, -9405.27, 846.18, 0.998487
39, -9405.27, 846.18, 3.49577e-06
39, -9405.27, 846.18, 1.10531e-05
39, -9405.27, 846.18, 0.00146576
39, -9405.27, 846.18, 3.24713e-05
39, -9365.99, 1045.31, 0.998487
39, -9365.99, 1045.31, 3.49577e-06
39, -9365.99, 1045.31, 1.10531e-05
39, -9365.99, 1045.31, 0.00146576
39, -9365.99, 1045.31, 3.24713e-05
39, -9561.14, 1715.98, 0.998487
39, -9561.14, 1715.98, 3.49577e-06
39, -9561.14, 1715.98, 1.10531e-05
39, -9561.14, 1715.98, 0.00146576
39, -9561.14, 1715.98, 3.24713e-05
39, -9576.49, 1539.11, 0.998487
39, -9576.49, 1539.11, 3.49577e-06
39, -9576.49, 1539.11, 1.10531e-05
39, -9576.49, 1539.11, 0.00146576
39, -9576.49, 1539.11, 3.24713e-05
39, -9338.79, 1747.56, 0.998487
39, -9338.79, 1747.56, 3.49577e-06
39, -9338.79, 1747.56, 1.10531e-05
39, -9338.79, 1747.56, 0.00146576
39, -9338.79, 1747.56, 3.24713e-05
39, -9186.53, 1600.9, 0.998487
39, -9186.53, 1600.9, 3.49577e-06
39, -9186.53, 1600.9, 1.10531e-05
39, -9186.53, 1600.9, 0.00146576
39, -9186.53, 1600.9, 3.24713e-05
39, -9424.23, 1392.46, 0.998487
39, -9424.23, 1392.46, 3.49577e-06
39, -9424.23, 1392.46, 1.10531e-05
39, -9424.23, 1392.46, 0.00146576
39, -9424.23, 1392.46, 3.24713e-05
39, -9256.62, 1422.67, 0.998487
39, -9256.62, 1422.67, 3.49577e-06
39, -9256.62, 1422.67, 1.10531e-05
39, -9256.62, 1422.67, 0.00146576
39, -9256.62, 1422.67, 3.24713e-05
39, -8536.03, 1836.31, 0.998484
39, -8536.03, 1836.31, 3.50326e-06
39, -8536.03, 1836.31, 1.10673e-05
39, -8536.03, 1836.31, 0.00146833
39, -8536.03, 1836.31, 3.24715e-05
39, -8851.31, 1661.34, 0.998487
39, -8851.31, 1661.34, 3.49577e-06
39, -8851.31, 1661.34, 1.10531e-05
39, -8851.31, 1661.34, 0.00146576
39, -8851.31, 1661.34, 3.24713e-05
39, -8921.39, 1483.11, 0.998487
39, -8921.39, 1483.11, 3.49577e-06
39, -8921.39, 1483.11, 1.10531e-05
39, -8921.39, 1483.11, 0.00146576
39, -8921.39, 1483.11, 3.24713e-05
39, -8753.78, 1513.33, 0.998487
39, -8753.78, 1513.33, 3.49578e-06
39, -8753.78, 1513.33, 1.10531e-05
39, -8753.78, 1513.33, 0.00146576
39, -8753.78, 1513.33, 3.24713e-05
39, -10247.1, 305.906, 0.998488
39, -10247.1, 305.906, 3.50745e-06
39, -10247.1, 305.906, 1.10751e-05
39, -10247.1, 305.906, 0.00146529
39, -10247.1, 305.906, 3.24717e-05
39, -9767.9, 263.954, 0.998488
39, -9767.9, 263.954, 3.50745e-06
39, -9767.9, 263.954, 1.10751e-05
39, -9767.9, 263.954, 0.00146529
39, -9767.9, 263.954, 3.24717e-05
39, -9656.63, 411.891, 0.998487
39, -9656.63, 411.891, 3.49578e-06
39, -9656.63, 411.891, 1.10531e-05
39, -9656.63, 411.891, 0.00146576
39, -9656.63, 411.891, 3.24713e-05
39, -9293.94, 191.643, 0.998488
39, -9293.94, 191.643, 3.51748e-06
39, -9293.94, 191.643, 1.1094e-05
39, -9293.94, 191.643, 0.00146489
39, -9293.94, 191.643, 3.24719e-05
39, -9422.27, 360.556, 0.998487
39, -9422.27, 360.556, 3.4958e-06
39, -9422.27, 360.556, 1.10532e-05
39, -9422.27, 360.556, 0.00146576
39, -9422.27, 360.556, 3.24713e-05
39, -9913.28, 749.717, 0.998487
39, -9913.28, 749.717, 3.49577e-06
39, -9913.28, 749.717, 1.10531e-05
39, -9913.28, 749.717, 0.00146576
39, -9913.28, 749.717, 3.24713e-05
39, -9678.92, 698.382, 0.998487
39, -9678.92, 698.382, 3.49577e-06
39, -9678.92, 698.382, 1.10531e-05
39, -9678.92, 698.382, 0.00146576
39, -9678.92, 698.382, 3.24713e-05
39, -9807.25, 867.296, 0.998487
39, -9807.25, 867.296, 3.49577e-06
39, -9807.25, 867.296, 1.10531e-05
39, -9807.25, 867.296, 0.00146576
39, -9807.25, 867.296, 3.24713e-05
39, -9421.01, 2072.41, 0.998487
39, -9421.01, 2072.41, 3.49577e-06
39, -9421.01, 2072.41, 1.10531e-05
39, -9421.01, 2072.41, 0.00146576
39, -9421.01, 2072.41, 3.24713e-05
39, -10247.3, 937.787, 0.998487
39, -10247.3, 937.787, 3.49577e-06
39, -10247.3, 937.787, 1.10531e-05
39, -10247.3, 937.787, 0.00146576
39, -10247.3, 937.787, 3.24713e-05
39, -8690.87, 2678.96, 0.998483
39, -8690.87, 2678.96, 3.50602e-06
39, -8690.87, 2678.96, 1.10725e-05
39, -8690.87, 2678.96, 0.00146927
39, -8690.87, 2678.96, 3.24716e-05
39, -8688.43, 2501.64, 0.998483
39, -8688.43, 2501.64, 3.50829e-06
39, -8688.43, 2501.64, 1.10768e-05
39, -8688.43, 2501.64, 0.00147005
39, -8688.43, 2501.64, 3.24717e-05
39, -4973.88, 467.759, 0.995605
39, -4973.88, 467.759, 5.61314e-06
39, -4973.88, 467.759, 1.87501e-05
39, -4973.88, 467.759, 0.00411158
39, -4973.88, 467.759, 0.000258769
39, -5933.64, 323.987, 0.995605
39, -5933.64, 323.987, 5.61314e-06
39, -5933.64, 323.987, 1.87501e-05
39, -5933.64, 323.987, 0.00411158
39, -5933.64, 323.987, 0.000258769
39, -7027.55, -81.0605, 0.995605
39, -7027.55, -81.0605, 5.61313e-06
39, -7027.55, -81.0605, 1.87501e-05
39, -7027.55, -81.0605, 0.00411158
39, -7027.55, -81.0605, 0.000258769
39, -6402.51, -271.731, 0.995607
39, -6402.51, -271.731, 5.60988e-06
39, -6402.51, -271.731, 1.8744e-05
39, -6402.51, -271.731, 0.00411026
39, -6402.51, -271.731, 0.000258769
39, -6558.69, 514.658, 0.995605
39, -6558.69, 514.658, 5.61285e-06
39, -6558.69, 514.658, 1.87496e-05
39, -6558.69, 514.658, 0.00411151
39, -6558.69, 514.658, 0.000258769
39, -6058.29, 891.229, 0.995606
39, -6058.29, 891.229, 5.61171e-06
39, -6058.29, 891.229, 1.87474e-05
39, -6058.29, 891.229, 0.0041107
39, -6058.29, 891.229, 0.000258769
39, -5612.86, -39.4663, 0.995606
39, -5612.86, -39.4663, 5.61155e-06
39, -5612.86, -39.4663, 1.87471e-05
39, -5612.86, -39.4663, 0.00411094
39, -5612.86, -39.4663, 0.000258769
39, -6010.67, -484.013, 0.995607
39, -6010.67, -484.013, 5.60824e-06
39, -6010.67, -484.013, 1.87409e-05
39, -6010.67, -484.013, 0.00410959
39, -6010.67, -484.013, 0.000258769
39, -5132.98, 32.4199, 0.995605
39, -5132.98, 32.4199, 5.61313e-06
39, -5132.98, 32.4199, 1.87501e-05
39, -5132.98, 32.4199, 0.00411158
39, -5132.98, 32.4199, 0.000258769
39, -5453.76, 395.873, 0.995605
39, -5453.76, 395.873, 5.61314e-06
39, -5453.76, 395.873, 1.87501e-05
39, -5453.76, 395.873, 0.00411158
39, -5453.76, 395.873, 0.000258769
39, -6949.46, -474.255, 0.995611
39, -6949.46, -474.255, 5.60695e-06
39, -6949.46, -474.255, 1.87384e-05
39, -6949.46, -474.255, 0.00410633
39, -6949.46, -474.255, 0.000258769
39, -6715.03, -176.396, 0.995605
39, -6715.03, -176.396, 5.61313e-06
39, -6715.03, -176.396, 1.87501e-05
39, -6715.03, -176.396, 0.00411158
39, -6715.03, -176.396, 0.000258769
39, -6480.6, 121.463, 0.995605
39, -6480.6, 121.463, 5.61314e-06
39, -6480.6, 121.463, 1.87501e-05
39, -6480.6, 121.463, 0.00411158
39, -6480.6, 121.463, 0.000258769
39, -6793.12, 216.799, 0.995605
39, -6793.12, 216.799, 5.61313e-06
39, -6793.12, 216.799, 1.87501e-05
39, -6793.12, 216.799, 0.00411158
39, -6793.12, 216.799, 0.000258769
39, -6246.16, 419.322, 0.995605
39, -6246.16, 419.322, 5.61314e-06
39, -6246.16, 419.322, 1.87501e-05
39, -6246.16, 419.322, 0.00411158
39, -6246.16, 419.322, 0.000258769
39, -6168.07, 26.128, 0.995605
39, -6168.07, 26.128, 5.61314e-06
39, -6168.07, 26.128, 1.87501e-05
39, -6168.07, 26.128, 0.00411158
39, -6168.07, 26.128, 0.000258769
39, -5995.97, 607.608, 0.995605
39, -5995.97, 607.608, 5.61314e-06
39, -5995.97, 607.608, 1.87501e-05
39, -5995.97, 607.608, 0.00411158
39, -5995.97, 607.608, 0.000258769
39, -6308.49, 702.944, 0.995606
39, -6308.49, 702.944, 5.61067e-06
39, -6308.49, 702.944, 1.87455e-05
39, -6308.49, 702.944, 0.00411094
39, -6308.49, 702.944, 0.000258769
39, -5110.94, 739.502, 0.995606
39, -5110.94, 739.502, 5.61271e-06
39, -5110.94, 739.502, 1.87493e-05
39, -5110.94, 739.502, 0.0041111
39, -5110.94, 739.502, 0.000258769
39, -5590.82, 667.616, 0.995605
39, -5590.82, 667.616, 5.6135e-06
39, -5590.82, 667.616, 1.87508e-05
39, -5590.82, 667.616, 0.00411199
39, -5590.82, 667.616, 0.000258769
39, -6871.21, 609.993, 0.995606
39, -6871.21, 609.993, 5.61082e-06
39, -6871.21, 609.993, 1.87458e-05
39, -6871.21, 609.993, 0.00411098
39, -6871.21, 609.993, 0.000258769
39, -5653.15, 951.237, 0.995607
39, -5653.15, 951.237, 5.61159e-06
39, -5653.15, 951.237, 1.87472e-05
39, -5653.15, 951.237, 0.00410983
39, -5653.15, 951.237, 0.000258769
39, -5886.88, 1063.04, 0.995611
39, -5886.88, 1063.04, 5.60878e-06
39, -5886.88, 1063.04, 1.87418e-05
39, -5886.88, 1063.04, 0.00410664
39, -5886.88, 1063.04, 0.000258769
39, -5773.25, 142.26, 0.995605
39, -5773.25, 142.26, 5.61314e-06
39, -5773.25, 142.26, 1.87501e-05
39, -5773.25, 142.26, 0.00411158
39, -5773.25, 142.26, 0.000258769
39, -5972.16, -80.0129, 0.995605
39, -5972.16, -80.0129, 5.61314e-06
39, -5972.16, -80.0129, 1.87501e-05
39, -5972.16, -80.0129, 0.00411158
39, -5972.16, -80.0129, 0.000258769
39, -5053.43, 250.09, 0.995605
39, -5053.43, 250.09, 5.61314e-06
39, -5053.43, 250.09, 1.87501e-05
39, -5053.43, 250.09, 0.00411158
39, -5053.43, 250.09, 0.000258769
39, -5212.53, -185.25, 0.995607
39, -5212.53, -185.25, 5.60896e-06
39, -5212.53, -185.25, 1.87422e-05
39, -5212.53, -185.25, 0.00410989
39, -5212.53, -185.25, 0.000258769
39, -5213.82, 431.816, 0.995605
39, -5213.82, 431.816, 5.61314e-06
39, -5213.82, 431.816, 1.87501e-05
39, -5213.82, 431.816, 0.00411158
39, -5213.82, 431.816, 0.000258769
39, -5693.7, 359.93, 0.995605
39, -5693.7, 359.93, 5.61314e-06
39, -5693.7, 359.93, 1.87501e-05
39, -5693.7, 359.93, 0.00411158
39, -5693.7, 359.93, 0.000258769
39, -5811.77, -261.74, 0.995606
39, -5811.77, -261.74, 5.61116e-06
39, -5811.77, -261.74, 1.87464e-05
39, -5811.77, -261.74, 0.00411078
39, -5811.77, -261.74, 0.000258769
39, -5372.92, -3.52319, 0.995606
39, -5372.92, -3.52319, 5.61169e-06
39, -5372.92, -3.52319, 1.87474e-05
39, -5372.92, -3.52319, 0.00411099
39, -5372.92, -3.52319, 0.000258769
39, -5293.37, 214.147, 0.995605
39, -5293.37, 214.147, 5.61314e-06
39, -5293.37, 214.147, 1.87501e-05
39, -5293.37, 214.147, 0.00411158
39, -5293.37, 214.147, 0.000258769
39, -5533.31, 178.203, 0.995605
39, -5533.31, 178.203, 5.61314e-06
39, -5533.31, 178.203, 1.87501e-05
39, -5533.31, 178.203, 0.00411158
39, -5533.31, 178.203, 0.000258769
39, -6206.59, -377.872, 0.995607
39, -6206.59, -377.872, 5.60973e-06
39, -6206.59, -377.872, 1.87437e-05
39, -6206.59, -377.872, 0.0041102
39, -6206.59, -377.872, 0.000258769
39, -5350.88, 703.559, 0.995606
39, -5350.88, 703.559, 5.61243e-06
39, -5350.88, 703.559, 1.87488e-05
39, -5350.88, 703.559, 0.00411078
39, -5350.88, 703.559, 0.000258769
39, -7229.95, -193.916, 0.995608
39, -7229.95, -193.916, 5.61075e-06
39, -7229.95, -193.916, 1.87456e-05
39, -7229.95, -193.916, 0.00410956
39, -7229.95, -193.916, 0.000258769
39, -7269, 2.68087, 0.995608
39, -7269, 2.68087, 5.60875e-06
39, -7269, 2.68087, 1.87418e-05
39, -7269, 2.68087, 0.00410953
39, -7269, 2.68087, 0.000258769
39, -6988.51, -277.658, 0.995605
39, -6988.51, -277.658, 5.61313e-06
39, -6988.51, -277.658, 1.87501e-05
39, -6988.51, -277.658, 0.00411158
39, -6988.51, -277.658, 0.000258769
39, -6558.77, -224.063, 0.995606
39, -6558.77, -224.063, 5.61165e-06
39, -6558.77, -224.063, 1.87473e-05
39, -6558.77, -224.063, 0.00411098
39, -6558.77, -224.063, 0.000258769
39, -6871.29, -128.728, 0.995605
39, -6871.29, -128.728, 5.61314e-06
39, -6871.29, -128.728, 1.87501e-05
39, -6871.29, -128.728, 0.00411158
39, -6871.29, -128.728, 0.000258769
39, -6519.64, 318.06, 0.995605
39, -6519.64, 318.06, 5.61314e-06
39, -6519.64, 318.06, 1.87501e-05
39, -6519.64, 318.06, 0.00411158
39, -6519.64, 318.06, 0.000258769
39, -6441.55, -75.1339, 0.995605
39, -6441.55, -75.1339, 5.61314e-06
39, -6441.55, -75.1339, 1.87501e-05
39, -6441.55, -75.1339, 0.00411158
39, -6441.55, -75.1339, 0.000258769
39, -6910.34, 67.869, 0.995605
39, -6910.34, 67.869, 5.61313e-06
39, -6910.34, 67.869, 1.87501e-05
39, -6910.34, 67.869, 0.00411158
39, -6910.34, 67.869, 0.000258769
39, -6675.9, 365.728, 0.995605
39, -6675.9, 365.728, 5.61314e-06
39, -6675.9, 365.728, 1.87501e-05
39, -6675.9, 365.728, 0.00411158
39, -6675.9, 365.728, 0.000258769
39, -6402.43, 466.99, 0.995605
39, -6402.43, 466.99, 5.61314e-06
39, -6402.43, 466.99, 1.87501e-05
39, -6402.43, 466.99, 0.00411158
39, -6402.43, 466.99, 0.000258769
39, -6089.9, 371.655, 0.995605
39, -6089.9, 371.655, 5.61314e-06
39, -6089.9, 371.655, 1.87501e-05
39, -6089.9, 371.655, 0.00411158
39, -6089.9, 371.655, 0.000258769
39, -6285.29, -122.802, 0.995605
39, -6285.29, -122.802, 5.61313e-06
39, -6285.29, -122.802, 1.87501e-05
39, -6285.29, -122.802, 0.00411158
39, -6285.29, -122.802, 0.000258769
39, -6050.86, 175.058, 0.995605
39, -6050.86, 175.058, 5.61314e-06
39, -6050.86, 175.058, 1.87501e-05
39, -6050.86, 175.058, 0.00411158
39, -6050.86, 175.058, 0.000258769
39, -6027.13, 749.419, 0.995605
39, -6027.13, 749.419, 5.61313e-06
39, -6027.13, 749.419, 1.87501e-05
39, -6027.13, 749.419, 0.00411158
39, -6027.13, 749.419, 0.000258769
39, -5964.8, 465.798, 0.995605
39, -5964.8, 465.798, 5.61314e-06
39, -5964.8, 465.798, 1.87501e-05
39, -5964.8, 465.798, 0.00411158
39, -5964.8, 465.798, 0.000258769
39, -6183.39, 797.087, 0.995606
39, -6183.39, 797.087, 5.61122e-06
39, -6183.39, 797.087, 1.87465e-05
39, -6183.39, 797.087, 0.00411108
39, -6183.39, 797.087, 0.000258769
39, -6433.59, 608.801, 0.995606
39, -6433.59, 608.801, 5.61122e-06
39, -6433.59, 608.801, 1.87465e-05
39, -6433.59, 608.801, 0.00411108
39, -6433.59, 608.801, 0.000258769
39, -7066.6, 115.537, 0.995606
39, -7066.6, 115.537, 5.61041e-06
39, -7066.6, 115.537, 1.8745e-05
39, -7066.6, 115.537, 0.00411087
39, -7066.6, 115.537, 0.000258769
39, -7190.91, -390.514, 0.995609
39, -7190.91, -390.514, 5.60891e-06
39, -7190.91, -390.514, 1.87421e-05
39, -7190.91, -390.514, 0.004108
39, -7190.91, -390.514, 0.000258769
39, -6675.98, -372.993, 0.995609
39, -6675.98, -372.993, 5.60614e-06
39, -6675.98, -372.993, 1.87369e-05
39, -6675.98, -372.993, 0.00410797
39, -6675.98, -372.993, 0.000258769
39, -6832.25, -325.325, 0.995606
39, -6832.25, -325.325, 5.61197e-06
39, -6832.25, -325.325, 1.87479e-05
39, -6832.25, -325.325, 0.00411059
39, -6832.25, -325.325, 0.000258769
39, -6754.07, 20.2014, 0.995605
39, -6754.07, 20.2014, 5.61314e-06
39, -6754.07, 20.2014, 1.87501e-05
39, -6754.07, 20.2014, 0.00411158
39, -6754.07, 20.2014, 0.000258769
39, -6597.81, -27.4663, 0.995605
39, -6597.81, -27.4663, 5.61314e-06
39, -6597.81, -27.4663, 1.87501e-05
39, -6597.81, -27.4663, 0.00411158
39, -6597.81, -27.4663, 0.000258769
39, -6636.86, 169.131, 0.995605
39, -6636.86, 169.131, 5.61314e-06
39, -6636.86, 169.131, 1.87501e-05
39, -6636.86, 169.131, 0.00411158
39, -6636.86, 169.131, 0.000258769
39, -6207.12, 222.725, 0.995605
39, -6207.12, 222.725, 5.61314e-06
39, -6207.12, 222.725, 1.87501e-05
39, -6207.12, 222.725, 0.00411158
39, -6207.12, 222.725, 0.000258769
39, -6363.38, 270.393, 0.995605
39, -6363.38, 270.393, 5.61314e-06
39, -6363.38, 270.393, 1.87501e-05
39, -6363.38, 270.393, 0.00411158
39, -6363.38, 270.393, 0.000258769
39, -6324.34, 73.7956, 0.995605
39, -6324.34, 73.7956, 5.61314e-06
39, -6324.34, 73.7956, 1.87501e-05
39, -6324.34, 73.7956, 0.00411158
39, -6324.34, 73.7956, 0.000258769
39, -6121.06, 513.465, 0.995605
39, -6121.06, 513.465, 5.61314e-06
39, -6121.06, 513.465, 1.87501e-05
39, -6121.06, 513.465, 0.00411158
39, -6121.06, 513.465, 0.000258769
39, -6152.23, 655.276, 0.995605
39, -6152.23, 655.276, 5.61313e-06
39, -6152.23, 655.276, 1.87501e-05
39, -6152.23, 655.276, 0.00411158
39, -6152.23, 655.276, 0.000258769
39, -6277.33, 561.133, 0.995605
39, -6277.33, 561.133, 5.61313e-06
39, -6277.33, 561.133, 1.87501e-05
39, -6277.33, 561.133, 0.00411158
39, -6277.33, 561.133, 0.000258769
39, -6949.38, 264.466, 0.995606
39, -6949.38, 264.466, 5.61023e-06
39, -6949.38, 264.466, 1.87446e-05
39, -6949.38, 264.466, 0.00411082
39, -6949.38, 264.466, 0.000258769
39, -6089.37, -228.942, 0.995605
39, -6089.37, -228.942, 5.61313e-06
39, -6089.37, -228.942, 1.87501e-05
39, -6089.37, -228.942, 0.00411158
39, -6089.37, -228.942, 0.000258769
39, -5621.99, 809.427, 0.995606
39, -5621.99, 809.427, 5.61278e-06
39, -5621.99, 809.427, 1.87495e-05
39, -5621.99, 809.427, 0.00411118
39, -5621.99, 809.427, 0.000258769
39, -6746.11, 704.136, 0.995607
39, -6746.11, 704.136, 5.60788e-06
39, -6746.11, 704.136, 1.87402e-05
39, -6746.11, 704.136, 0.00411021
39, -6746.11, 704.136, 0.000258769
39, -5770.01, 1007.14, 0.995607
39, -5770.01, 1007.14, 5.61201e-06
39, -5770.01, 1007.14, 1.8748e-05
39, -5770.01, 1007.14, 0.0041103
39, -5770.01, 1007.14, 0.000258769
39, -6910.3, 437.23, 0.995606
39, -6910.3, 437.23, 5.61124e-06
39, -6910.3, 437.23, 1.87465e-05
39, -6910.3, 437.23, 0.00411109
39, -6910.3, 437.23, 0.000258769
39, -7183.73, 705.328, 0.996354
39, -7183.73, 705.328, 3.01366e-06
39, -7183.73, 705.328, 9.91318e-06
39, -7183.73, 705.328, 0.00341592
39, -7183.73, 705.328, 0.000217397
39, -7993.33, 253.905, 0.996357
39, -7993.33, 253.905, 3.01667e-06
39, -7993.33, 253.905, 9.91885e-06
39, -7993.33, 253.905, 0.00341332
39, -7993.33, 253.905, 0.000217397
39, -7245.55, 1629.43, 0.996355
39, -7245.55, 1629.43, 3.01988e-06
39, -7245.55, 1629.43, 9.92491e-06
39, -7245.55, 1629.43, 0.00341449
39, -7245.55, 1629.43, 0.000217397
39, -7836.18, 1050.43, 0.996354
39, -7836.18, 1050.43, 3.01358e-06
39, -7836.18, 1050.43, 9.91303e-06
39, -7836.18, 1050.43, 0.0034159
39, -7836.18, 1050.43, 0.000217397
39, -6683.34, 1081.9, 0.996354
39, -6683.34, 1081.9, 3.01358e-06
39, -6683.34, 1081.9, 9.91303e-06
39, -6683.34, 1081.9, 0.0034159
39, -6683.34, 1081.9, 0.000217397
39, -7510.44, 86.4222, 0.996356
39, -7510.44, 86.4222, 3.01377e-06
39, -7510.44, 86.4222, 9.91338e-06
39, -7510.44, 86.4222, 0.00341368
39, -7510.44, 86.4222, 0.000217397
39, -7588.53, 479.617, 0.996354
39, -7588.53, 479.617, 3.01358e-06
39, -7588.53, 479.617, 9.91303e-06
39, -7588.53, 479.617, 0.0034159
39, -7588.53, 479.617, 0.000217397
39, -7105.64, 312.134, 0.996352
39, -7105.64, 312.134, 3.01875e-06
39, -7105.64, 312.134, 9.92281e-06
39, -7105.64, 312.134, 0.00341725
39, -7105.64, 312.134, 0.000217397
39, -7214.64, 1167.38, 0.996354
39, -7214.64, 1167.38, 3.01358e-06
39, -7214.64, 1167.38, 9.91303e-06
39, -7214.64, 1167.38, 0.0034159
39, -7214.64, 1167.38, 0.000217397
39, -7540.87, 1339.93, 0.996354
39, -7540.87, 1339.93, 3.01358e-06
39, -7540.87, 1339.93, 9.91303e-06
39, -7540.87, 1339.93, 0.0034159
39, -7540.87, 1339.93, 0.000217397
39, -7509.96, 877.881, 0.996354
39, -7509.96, 877.881, 3.01358e-06
39, -7509.96, 877.881, 9.91303e-06
39, -7509.96, 877.881, 0.0034159
39, -7509.96, 877.881, 0.000217397
39, -7867.09, 1512.48, 0.996354
39, -7867.09, 1512.48, 3.01358e-06
39, -7867.09, 1512.48, 9.91303e-06
39, -7867.09, 1512.48, 0.0034159
39, -7867.09, 1512.48, 0.000217397
39, -7571.77, 1801.98, 0.996355
39, -7571.77, 1801.98, 3.01784e-06
39, -7571.77, 1801.98, 9.92106e-06
39, -7571.77, 1801.98, 0.00341494
39, -7571.77, 1801.98, 0.000217397
39, -7914.76, 652.17, 0.996354
39, -7914.76, 652.17, 3.01358e-06
39, -7914.76, 652.17, 9.91303e-06
39, -7914.76, 652.17, 0.0034159
39, -7914.76, 652.17, 0.000217397
39, -8240.98, 824.722, 0.996354
39, -8240.98, 824.722, 3.01358e-06
39, -8240.98, 824.722, 9.91303e-06
39, -8240.98, 824.722, 0.0034159
39, -8240.98, 824.722, 0.000217397
39, -8319.55, 426.458, 0.996355
39, -8319.55, 426.458, 3.01923e-06
39, -8319.55, 426.458, 9.92367e-06
39, -8319.55, 426.458, 0.00341431
39, -8319.55, 426.458, 0.000217397
39, -6933.53, 893.614, 0.996353
39, -6933.53, 893.614, 3.01563e-06
39, -6933.53, 893.614, 9.91691e-06
39, -6933.53, 893.614, 0.00341644
39, -6933.53, 893.614, 0.000217397
39, -6964.44, 1355.66, 0.996354
39, -6964.44, 1355.66, 3.01432e-06
39, -6964.44, 1355.66, 9.91442e-06
39, -6964.44, 1355.66, 0.00341573
39, -6964.44, 1355.66, 0.000217397
39, -6714.24, 1543.95, 0.996356
39, -6714.24, 1543.95, 3.02272e-06
39, -6714.24, 1543.95, 9.93027e-06
39, -6714.24, 1543.95, 0.00341385
39, -6714.24, 1543.95, 0.000217397
39, -6433.14, 1270.19, 0.996354
39, -6433.14, 1270.19, 3.01358e-06
39, -6433.14, 1270.19, 9.91303e-06
39, -6433.14, 1270.19, 0.0034159
39, -6433.14, 1270.19, 0.000217397
39, -6370.81, 986.565, 0.996353
39, -6370.81, 986.565, 3.01497e-06
39, -6370.81, 986.565, 9.91567e-06
39, -6370.81, 986.565, 0.00341626
39, -6370.81, 986.565, 0.000217397
39, -6621.01, 798.279, 0.996352
39, -6621.01, 798.279, 3.01882e-06
39, -6621.01, 798.279, 9.92293e-06
39, -6621.01, 798.279, 0.00341726
39, -6621.01, 798.279, 0.000217397
39, -7751.88, 170.164, 0.996356
39, -7751.88, 170.164, 3.01303e-06
39, -7751.88, 170.164, 9.91199e-06
39, -7751.88, 170.164, 0.00341349
39, -7751.88, 170.164, 0.000217397
39, -7790.93, 366.761, 0.996354
39, -7790.93, 366.761, 3.01358e-06
39, -7790.93, 366.761, 9.91303e-06
39, -7790.93, 366.761, 0.0034159
39, -7790.93, 366.761, 0.000217397
39, -7386.13, 592.472, 0.996354
39, -7386.13, 592.472, 3.01358e-06
39, -7386.13, 592.472, 9.91303e-06
39, -7386.13, 592.472, 0.0034159
39, -7386.13, 592.472, 0.000217397
39, -7144.69, 508.731, 0.996353
39, -7144.69, 508.731, 3.0154e-06
39, -7144.69, 508.731, 9.91648e-06
39, -7144.69, 508.731, 0.00341638
39, -7144.69, 508.731, 0.000217397
39, -7230.09, 1398.4, 0.996354
39, -7230.09, 1398.4, 3.01358e-06
39, -7230.09, 1398.4, 9.91303e-06
39, -7230.09, 1398.4, 0.0034159
39, -7230.09, 1398.4, 0.000217397
39, -7199.19, 936.353, 0.996354
39, -7199.19, 936.353, 3.01358e-06
39, -7199.19, 936.353, 9.91303e-06
39, -7199.19, 936.353, 0.0034159
39, -7199.19, 936.353, 0.000217397
39, -7393.21, 1484.68, 0.996354
39, -7393.21, 1484.68, 3.01358e-06
39, -7393.21, 1484.68, 9.91303e-06
39, -7393.21, 1484.68, 0.0034159
39, -7393.21, 1484.68, 0.000217397
39, -7688.53, 1195.18, 0.996354
39, -7688.53, 1195.18, 3.01358e-06
39, -7688.53, 1195.18, 9.91303e-06
39, -7688.53, 1195.18, 0.0034159
39, -7688.53, 1195.18, 0.000217397
39, -7346.85, 791.605, 0.996354
39, -7346.85, 791.605, 3.01358e-06
39, -7346.85, 791.605, 9.91303e-06
39, -7346.85, 791.605, 0.0034159
39, -7346.85, 791.605, 0.000217397
39, -7673.07, 964.158, 0.996354
39, -7673.07, 964.158, 3.01358e-06
39, -7673.07, 964.158, 9.91303e-06
39, -7673.07, 964.158, 0.0034159
39, -7673.07, 964.158, 0.000217397
39, -7999.3, 1136.71, 0.996356
39, -7999.3, 1136.71, 3.01401e-06
39, -7999.3, 1136.71, 9.91384e-06
39, -7999.3, 1136.71, 0.00341411
39, -7999.3, 1136.71, 0.000217397
39, -7851.64, 1281.46, 0.996354
39, -7851.64, 1281.46, 3.01358e-06
39, -7851.64, 1281.46, 9.91303e-06
39, -7851.64, 1281.46, 0.0034159
39, -7851.64, 1281.46, 0.000217397
39, -7882.55, 1743.51, 0.996355
39, -7882.55, 1743.51, 3.01826e-06
39, -7882.55, 1743.51, 9.92186e-06
39, -7882.55, 1743.51, 0.00341485
39, -7882.55, 1743.51, 0.000217397
39, -7734.89, 1888.26, 0.996356
39, -7734.89, 1888.26, 3.02072e-06
39, -7734.89, 1888.26, 9.9265e-06
39, -7734.89, 1888.26, 0.00341419
39, -7734.89, 1888.26, 0.000217397
39, -7408.66, 1715.7, 0.996355
39, -7408.66, 1715.7, 3.01784e-06
39, -7408.66, 1715.7, 9.92106e-06
39, -7408.66, 1715.7, 0.00341494
39, -7408.66, 1715.7, 0.000217397
39, -7875.47, 851.302, 0.996354
39, -7875.47, 851.302, 3.01358e-06
39, -7875.47, 851.302, 9.91303e-06
39, -7875.47, 851.302, 0.0034159
39, -7875.47, 851.302, 0.000217397
39, -7954.04, 453.037, 0.996354
39, -7954.04, 453.037, 3.01358e-06
39, -7954.04, 453.037, 9.91303e-06
39, -7954.04, 453.037, 0.0034159
39, -7954.04, 453.037, 0.000217397
39, -8443.38, 711.867, 0.996356
39, -8443.38, 711.867, 3.01417e-06
39, -8443.38, 711.867, 9.91413e-06
39, -8443.38, 711.867, 0.00341347
39, -8443.38, 711.867, 0.000217397
39, -8038.58, 937.578, 0.996354
39, -8038.58, 937.578, 3.01358e-06
39, -8038.58, 937.578, 9.91303e-06
39, -8038.58, 937.578, 0.0034159
39, -8038.58, 937.578, 0.000217397
39, -8156.44, 340.181, 0.996356
39, -8156.44, 340.181, 3.02184e-06
39, -8156.44, 340.181, 9.92859e-06
39, -8156.44, 340.181, 0.00341358
39, -8156.44, 340.181, 0.000217397
39, -8482.67, 512.734, 0.996356
39, -8482.67, 512.734, 3.01418e-06
39, -8482.67, 512.734, 9.91414e-06
39, -8482.67, 512.734, 0.00341347
39, -8482.67, 512.734, 0.000217397
39, -7058.63, 799.471, 0.996353
39, -7058.63, 799.471, 3.01524e-06
39, -7058.63, 799.471, 9.91617e-06
39, -7058.63, 799.471, 0.00341633
39, -7058.63, 799.471, 0.000217397
39, -6808.43, 987.757, 0.996354
39, -6808.43, 987.757, 3.01396e-06
39, -6808.43, 987.757, 9.91375e-06
39, -6808.43, 987.757, 0.003416
39, -6808.43, 987.757, 0.000217397
39, -6823.89, 1218.78, 0.996354
39, -6823.89, 1218.78, 3.01358e-06
39, -6823.89, 1218.78, 9.91303e-06
39, -6823.89, 1218.78, 0.0034159
39, -6823.89, 1218.78, 0.000217397
39, -7104.99, 1492.55, 0.996355
39, -7104.99, 1492.55, 3.01961e-06
39, -7104.99, 1492.55, 9.92441e-06
39, -7104.99, 1492.55, 0.00341455
39, -7104.99, 1492.55, 0.000217397
39, -6698.79, 1312.93, 0.996354
39, -6698.79, 1312.93, 3.01358e-06
39, -6698.79, 1312.93, 9.91303e-06
39, -6698.79, 1312.93, 0.0034159
39, -6698.79, 1312.93, 0.000217397
39, -6323.49, 1595.35, 0.996359
39, -6323.49, 1595.35, 3.01835e-06
39, -6323.49, 1595.35, 9.92201e-06
39, -6323.49, 1595.35, 0.0034112
39, -6323.49, 1595.35, 0.000217397
39, -6558.24, 1176.04, 0.996354
39, -6558.24, 1176.04, 3.01358e-06
39, -6558.24, 1176.04, 9.91303e-06
39, -6558.24, 1176.04, 0.0034159
39, -6558.24, 1176.04, 0.000217397
39, -6308.04, 1364.33, 0.996356
39, -6308.04, 1364.33, 3.01565e-06
39, -6308.04, 1364.33, 9.91692e-06
39, -6308.04, 1364.33, 0.00341386
39, -6308.04, 1364.33, 0.000217397
39, -7347.09, 395.875, 0.996354
39, -7347.09, 395.875, 3.01358e-06
39, -7347.09, 395.875, 9.91303e-06
39, -7347.09, 395.875, 0.0034159
39, -7347.09, 395.875, 0.000217397
39, -7549.49, 283.019, 0.996354
39, -7549.49, 283.019, 3.01358e-06
39, -7549.49, 283.019, 9.91303e-06
39, -7549.49, 283.019, 0.0034159
39, -7549.49, 283.019, 0.000217397
39, -7308.04, 199.278, 0.996353
39, -7308.04, 199.278, 3.01634e-06
39, -7308.04, 199.278, 9.91825e-06
39, -7308.04, 199.278, 0.00341662
39, -7308.04, 199.278, 0.000217397
39, -7362.3, 1022.63, 0.996354
39, -7362.3, 1022.63, 3.01358e-06
39, -7362.3, 1022.63, 9.91303e-06
39, -7362.3, 1022.63, 0.0034159
39, -7362.3, 1022.63, 0.000217397
39, -7377.75, 1253.65, 0.996354
39, -7377.75, 1253.65, 3.01358e-06
39, -7377.75, 1253.65, 9.91303e-06
39, -7377.75, 1253.65, 0.0034159
39, -7377.75, 1253.65, 0.000217397
39, -7525.41, 1108.91, 0.996354
39, -7525.41, 1108.91, 3.01358e-06
39, -7525.41, 1108.91, 9.91303e-06
39, -7525.41, 1108.91, 0.0034159
39, -7525.41, 1108.91, 0.000217397
39, -8014.75, 1367.74, 0.996356
39, -8014.75, 1367.74, 3.0173e-06
39, -8014.75, 1367.74, 9.92004e-06
39, -8014.75, 1367.74, 0.00341385
39, -8014.75, 1367.74, 0.000217397
39, -8030.2, 1598.76, 0.996356
39, -8030.2, 1598.76, 3.02158e-06
39, -8030.2, 1598.76, 9.92811e-06
39, -8030.2, 1598.76, 0.00341411
39, -8030.2, 1598.76, 0.000217397
39, -7556.32, 1570.96, 0.996354
39, -7556.32, 1570.96, 3.01358e-06
39, -7556.32, 1570.96, 9.91303e-06
39, -7556.32, 1570.96, 0.0034159
39, -7556.32, 1570.96, 0.000217397
39, -7719.43, 1657.23, 0.996354
39, -7719.43, 1657.23, 3.01358e-06
39, -7719.43, 1657.23, 9.91303e-06
39, -7719.43, 1657.23, 0.0034159
39, -7719.43, 1657.23, 0.000217397
39, -7703.98, 1426.21, 0.996354
39, -7703.98, 1426.21, 3.01358e-06
39, -7703.98, 1426.21, 9.91303e-06
39, -7703.98, 1426.21, 0.0034159
39, -7703.98, 1426.21, 0.000217397
39, -7549.24, 678.749, 0.996354
39, -7549.24, 678.749, 3.01358e-06
39, -7549.24, 678.749, 9.91303e-06
39, -7549.24, 678.749, 0.0034159
39, -7549.24, 678.749, 0.000217397
39, -7712.36, 765.025, 0.996354
39, -7712.36, 765.025, 3.01358e-06
39, -7712.36, 765.025, 9.91303e-06
39, -7712.36, 765.025, 0.0034159
39, -7712.36, 765.025, 0.000217397
39, -7751.64, 565.893, 0.996354
39, -7751.64, 565.893, 3.01358e-06
39, -7751.64, 565.893, 9.91303e-06
39, -7751.64, 565.893, 0.0034159
39, -7751.64, 565.893, 0.000217397
39, -8404.1, 910.999, 0.996358
39, -8404.1, 910.999, 3.0145e-06
39, -8404.1, 910.999, 9.91475e-06
39, -8404.1, 910.999, 0.0034121
39, -8404.1, 910.999, 0.000217397
39, -8201.7, 1023.85, 0.996357
39, -8201.7, 1023.85, 3.01435e-06
39, -8201.7, 1023.85, 9.91446e-06
39, -8201.7, 1023.85, 0.00341274
39, -8201.7, 1023.85, 0.000217397
39, -8117.16, 539.314, 0.996354
39, -8117.16, 539.314, 3.01358e-06
39, -8117.16, 539.314, 9.91303e-06
39, -8117.16, 539.314, 0.0034159
39, -8117.16, 539.314, 0.000217397
39, -8077.87, 738.446, 0.996354
39, -8077.87, 738.446, 3.01358e-06
39, -8077.87, 738.446, 9.91303e-06
39, -8077.87, 738.446, 0.0034159
39, -8077.87, 738.446, 0.000217397
39, -8280.27, 625.59, 0.996354
39, -8280.27, 625.59, 3.01358e-06
39, -8280.27, 625.59, 9.91303e-06
39, -8280.27, 625.59, 0.0034159
39, -8280.27, 625.59, 0.000217397
39, -7074.09, 1030.5, 0.996354
39, -7074.09, 1030.5, 3.01358e-06
39, -7074.09, 1030.5, 9.91303e-06
39, -7074.09, 1030.5, 0.0034159
39, -7074.09, 1030.5, 0.000217397
39, -6948.99, 1124.64, 0.996354
39, -6948.99, 1124.64, 3.01358e-06
39, -6948.99, 1124.64, 9.91303e-06
39, -6948.99, 1124.64, 0.0034159
39, -6948.99, 1124.64, 0.000217397
39, -7089.54, 1261.52, 0.996354
39, -7089.54, 1261.52, 3.01358e-06
39, -7089.54, 1261.52, 9.91303e-06
39, -7089.54, 1261.52, 0.0034159
39, -7089.54, 1261.52, 0.000217397
39, -6839.34, 1449.81, 0.996355
39, -6839.34, 1449.81, 3.01743e-06
39, -6839.34, 1449.81, 9.92028e-06
39, -6839.34, 1449.81, 0.00341504
39, -6839.34, 1449.81, 0.000217397
39, -6448.59, 1501.21, 0.996355
39, -6448.59, 1501.21, 3.0169e-06
39, -6448.59, 1501.21, 9.91929e-06
39, -6448.59, 1501.21, 0.00341499
39, -6448.59, 1501.21, 0.000217397
39, -6573.69, 1407.07, 0.996354
39, -6573.69, 1407.07, 3.01432e-06
39, -6573.69, 1407.07, 9.91442e-06
39, -6573.69, 1407.07, 0.00341573
39, -6573.69, 1407.07, 0.000217397
39, -8521.95, 313.602, 0.996361
39, -8521.95, 313.602, 3.02987e-06
39, -8521.95, 313.602, 9.9437e-06
39, -8521.95, 313.602, 0.00340931
39, -8521.95, 313.602, 0.000217397
39, -6495.91, 892.422, 0.996353
39, -6495.91, 892.422, 3.01499e-06
39, -6495.91, 892.422, 9.9157e-06
39, -6495.91, 892.422, 0.00341627
39, -6495.91, 892.422, 0.000217397
39, -6245.71, 1080.71, 0.996355
39, -6245.71, 1080.71, 3.01651e-06
39, -6245.71, 1080.71, 9.91857e-06
39, -6245.71, 1080.71, 0.00341472
39, -6245.71, 1080.71, 0.000217397
39, -5292.09, -402.92, 0.997066
39, -5292.09, -402.92, 2.26055e-06
39, -5292.09, -402.92, 7.07825e-06
39, -5292.09, -402.92, 0.00273275
39, -5292.09, -402.92, 0.000191505
39, -4737.36, -272.896, 0.997067
39, -4737.36, -272.896, 2.25965e-06
39, -4737.36, -272.896, 7.07656e-06
39, -4737.36, -272.896, 0.00273239
39, -4737.36, -272.896, 0.000191505
39, -4836.91, -1470.37, 0.997067
39, -4836.91, -1470.37, 2.25965e-06
39, -4836.91, -1470.37, 7.07656e-06
39, -4836.91, -1470.37, 0.00273239
39, -4836.91, -1470.37, 0.000191505
39, -5340.38, -1344.84, 0.997067
39, -5340.38, -1344.84, 2.25966e-06
39, -5340.38, -1344.84, 7.07657e-06
39, -5340.38, -1344.84, 0.00273239
39, -5340.38, -1344.84, 0.000191505
39, -6087.7, -1292.01, 0.997067
39, -6087.7, -1292.01, 2.26345e-06
39, -6087.7, -1292.01, 7.08373e-06
39, -6087.7, -1292.01, 0.00273239
39, -6087.7, -1292.01, 0.000191505
39, -5689.89, -847.466, 0.997067
39, -5689.89, -847.466, 2.25965e-06
39, -5689.89, -847.466, 7.07656e-06
39, -5689.89, -847.466, 0.00273239
39, -5689.89, -847.466, 0.000191505
39, -5316.23, -873.879, 0.997067
39, -5316.23, -873.879, 2.25965e-06
39, -5316.23, -873.879, 7.07656e-06
39, -5316.23, -873.879, 0.00273239
39, -5316.23, -873.879, 0.000191505
39, -5714.04, -1318.43, 0.997067
39, -5714.04, -1318.43, 2.2597e-06
39, -5714.04, -1318.43, 7.07663e-06
39, -5714.04, -1318.43, 0.00273239
39, -5714.04, -1318.43, 0.000191505
39, -4880.06, -1223.65, 0.997067
39, -4880.06, -1223.65, 2.25965e-06
39, -4880.06, -1223.65, 7.07656e-06
39, -4880.06, -1223.65, 0.00273239
39, -4880.06, -1223.65, 0.000191505
39, -4855.91, -752.69, 0.997067
39, -4855.91, -752.69, 2.25965e-06
39, -4855.91, -752.69, 7.07656e-06
39, -4855.91, -752.69, 0.00273239
39, -4855.91, -752.69, 0.000191505
39, -6479.54, -1079.73, 0.997067
39, -6479.54, -1079.73, 2.25965e-06
39, -6479.54, -1079.73, 7.07656e-06
39, -6479.54, -1079.73, 0.00273239
39, -6479.54, -1079.73, 0.000191505
39, -6564.03, -1515.55, 0.997067
39, -6564.03, -1515.55, 2.27778e-06
39, -6564.03, -1515.55, 7.11076e-06
39, -6564.03, -1515.55, 0.00273239
39, -6564.03, -1515.55, 0.000191505
39, -6245.1, -781.872, 0.997067
39, -6245.1, -781.872, 2.25966e-06
39, -6245.1, -781.872, 7.07657e-06
39, -6245.1, -781.872, 0.00273239
39, -6245.1, -781.872, 0.000191505
39, -6636.94, -569.59, 0.997068
39, -6636.94, -569.59, 2.26162e-06
39, -6636.94, -569.59, 7.08026e-06
39, -6636.94, -569.59, 0.00273104
39, -6636.94, -569.59, 0.000191505
39, -5014.72, -337.908, 0.997067
39, -5014.72, -337.908, 2.25965e-06
39, -5014.72, -337.908, 7.07656e-06
39, -5014.72, -337.908, 0.00273239
39, -5014.72, -337.908, 0.000191505
39, -4578.55, -687.678, 0.997067
39, -4578.55, -687.678, 2.25965e-06
39, -4578.55, -687.678, 7.07656e-06
39, -4578.55, -687.678, 0.00273239
39, -4578.55, -687.678, 0.000191505
39, -4628.32, -1286.42, 0.997067
39, -4628.32, -1286.42, 2.25965e-06
39, -4628.32, -1286.42, 7.07656e-06
39, -4628.32, -1286.42, 0.00273239
39, -4628.32, -1286.42, 0.000191505
39, -5088.65, -1407.61, 0.997067
39, -5088.65, -1407.61, 2.25965e-06
39, -5088.65, -1407.61, 7.07656e-06
39, -5088.65, -1407.61, 0.00273239
39, -5088.65, -1407.61, 0.000191505
39, -5376.18, -1479.81, 0.997067
39, -5376.18, -1479.81, 2.28455e-06
39, -5376.18, -1479.81, 7.12352e-06
39, -5376.18, -1479.81, 0.0027324
39, -5376.18, -1479.81, 0.000191505
39, -5749.84, -1453.39, 0.997067
39, -5749.84, -1453.39, 2.28172e-06
39, -5749.84, -1453.39, 7.11818e-06
39, -5749.84, -1453.39, 0.00273239
39, -5749.84, -1453.39, 0.000191505
39, -5452.48, -221.193, 0.997065
39, -5452.48, -221.193, 2.26425e-06
39, -5452.48, -221.193, 7.08524e-06
39, -5452.48, -221.193, 0.00273424
39, -5452.48, -221.193, 0.000191505
39, -6049.18, -888.013, 0.997067
39, -6049.18, -888.013, 2.25873e-06
39, -6049.18, -888.013, 7.07481e-06
39, -6049.18, -888.013, 0.00273201
39, -6049.18, -888.013, 0.000191505
39, -5490.99, -625.193, 0.997067
39, -5490.99, -625.193, 2.25965e-06
39, -5490.99, -625.193, 7.07656e-06
39, -5490.99, -625.193, 0.00273239
39, -5490.99, -625.193, 0.000191505
39, -5888.79, -1069.74, 0.997067
39, -5888.79, -1069.74, 2.25965e-06
39, -5888.79, -1069.74, 7.07656e-06
39, -5888.79, -1069.74, 0.00273239
39, -5888.79, -1069.74, 0.000191505
39, -5328.31, -1109.36, 0.997067
39, -5328.31, -1109.36, 2.25965e-06
39, -5328.31, -1109.36, 7.07656e-06
39, -5328.31, -1109.36, 0.00273239
39, -5328.31, -1109.36, 0.000191505
39, -5304.16, -638.399, 0.997067
39, -5304.16, -638.399, 2.25965e-06
39, -5304.16, -638.399, 7.07656e-06
39, -5304.16, -638.399, 0.00273239
39, -5304.16, -638.399, 0.000191505
39, -5527.21, -1331.63, 0.997067
39, -5527.21, -1331.63, 2.25969e-06
39, -5527.21, -1331.63, 7.07661e-06
39, -5527.21, -1331.63, 0.00273239
39, -5527.21, -1331.63, 0.000191505
39, -5900.87, -1305.22, 0.997067
39, -5900.87, -1305.22, 2.25966e-06
39, -5900.87, -1305.22, 7.07657e-06
39, -5900.87, -1305.22, 0.00273239
39, -5900.87, -1305.22, 0.000191505
39, -5110.22, -1284.24, 0.997067
39, -5110.22, -1284.24, 2.25965e-06
39, -5110.22, -1284.24, 7.07656e-06
39, -5110.22, -1284.24, 0.00273239
39, -5110.22, -1284.24, 0.000191505
39, -4649.9, -1163.05, 0.997067
39, -4649.9, -1163.05, 2.25965e-06
39, -4649.9, -1163.05, 7.07656e-06
39, -4649.9, -1163.05, 0.00273239
39, -4649.9, -1163.05, 0.000191505
39, -4637.82, -927.575, 0.997067
39, -4637.82, -927.575, 2.25965e-06
39, -4637.82, -927.575, 7.07656e-06
39, -4637.82, -927.575, 0.00273239
39, -4637.82, -927.575, 0.000191505
39, -5074, -577.805, 0.997067
39, -5074, -577.805, 2.25965e-06
39, -5074, -577.805, 7.07656e-06
39, -5074, -577.805, 0.00273239
39, -5074, -577.805, 0.000191505
39, -5651.38, -443.466, 0.997066
39, -5651.38, -443.466, 2.2619e-06
39, -5651.38, -443.466, 7.0808e-06
39, -5651.38, -443.466, 0.00273329
39, -5651.38, -443.466, 0.000191505
39, -5850.28, -665.739, 0.997066
39, -5850.28, -665.739, 2.2619e-06
39, -5850.28, -665.739, 7.0808e-06
39, -5850.28, -665.739, 0.00273329
39, -5850.28, -665.739, 0.000191505
39, -5515.14, -1096.15, 0.997067
39, -5515.14, -1096.15, 2.25965e-06
39, -5515.14, -1096.15, 7.07656e-06
39, -5515.14, -1096.15, 0.00273239
39, -5515.14, -1096.15, 0.000191505
39, -5503.06, -860.673, 0.997067
39, -5503.06, -860.673, 2.25965e-06
39, -5503.06, -860.673, 7.07656e-06
39, -5503.06, -860.673, 0.00273239
39, -5503.06, -860.673, 0.000191505
39, -5701.97, -1082.95, 0.997067
39, -5701.97, -1082.95, 2.25965e-06
39, -5701.97, -1082.95, 7.07656e-06
39, -5701.97, -1082.95, 0.00273239
39, -5701.97, -1082.95, 0.000191505
39, -5098.14, -1048.76, 0.997067
39, -5098.14, -1048.76, 2.25965e-06
39, -5098.14, -1048.76, 7.07656e-06
39, -5098.14, -1048.76, 0.00273239
39, -5098.14, -1048.76, 0.000191505
39, -4867.98, -988.17, 0.997067
39, -4867.98, -988.17, 2.25965e-06
39, -4867.98, -988.17, 7.07656e-06
39, -4867.98, -988.17, 0.00273239
39, -4867.98, -988.17, 0.000191505
39, -5086.07, -813.285, 0.997067
39, -5086.07, -813.285, 2.25965e-06
39, -5086.07, -813.285, 7.07656e-06
39, -5086.07, -813.285, 0.00273239
39, -5086.07, -813.285, 0.000191505
39, -5563.01, -1466.6, 0.997066
39, -5563.01, -1466.6, 2.31713e-06
39, -5563.01, -1466.6, 7.18514e-06
39, -5563.01, -1466.6, 0.00273241
39, -5563.01, -1466.6, 0.000191506
39, -4858.49, -1347.01, 0.997067
39, -4858.49, -1347.01, 2.25965e-06
39, -4858.49, -1347.01, 7.07656e-06
39, -4858.49, -1347.01, 0.00273239
39, -4858.49, -1347.01, 0.000191505
39, -4796.63, -512.793, 0.997067
39, -4796.63, -512.793, 2.25965e-06
39, -4796.63, -512.793, 7.07656e-06
39, -4796.63, -512.793, 0.00273239
39, -4796.63, -512.793, 0.000191505
39, -6675.45, -973.59, 0.997068
39, -6675.45, -973.59, 2.25998e-06
39, -6675.45, -973.59, 7.07716e-06
39, -6675.45, -973.59, 0.00273123
39, -6675.45, -973.59, 0.000191505
39, -6283.62, -1185.87, 0.997067
39, -6283.62, -1185.87, 2.25966e-06
39, -6283.62, -1185.87, 7.07657e-06
39, -6283.62, -1185.87, 0.00273239
39, -6283.62, -1185.87, 0.000191505
39, -6325.86, -1403.78, 0.997067
39, -6325.86, -1403.78, 2.27346e-06
39, -6325.86, -1403.78, 7.10261e-06
39, -6325.86, -1403.78, 0.00273239
39, -6325.86, -1403.78, 0.000191505
39, -6323.8, -526.802, 0.997065
39, -6323.8, -526.802, 2.26338e-06
39, -6323.8, -526.802, 7.0836e-06
39, -6323.8, -526.802, 0.00273389
39, -6323.8, -526.802, 0.000191505
39, -6166.4, -1036.94, 0.997067
39, -6166.4, -1036.94, 2.25965e-06
39, -6166.4, -1036.94, 7.07656e-06
39, -6166.4, -1036.94, 0.00273239
39, -6166.4, -1036.94, 0.000191505
39, -6519.72, -420.661, 0.997064
39, -6519.72, -420.661, 2.26711e-06
39, -6519.72, -420.661, 7.09065e-06
39, -6519.72, -420.661, 0.00273539
39, -6519.72, -420.661, 0.000191505
39, -6521.78, -1297.64, 0.997067
39, -6521.78, -1297.64, 2.25966e-06
39, -6521.78, -1297.64, 7.07657e-06
39, -6521.78, -1297.64, 0.00273239
39, -6521.78, -1297.64, 0.000191505
39, -6717.7, -1191.5, 0.997068
39, -6717.7, -1191.5, 2.25991e-06
39, -6717.7, -1191.5, 7.07704e-06
39, -6717.7, -1191.5, 0.00273146
39, -6717.7, -1191.5, 0.000191505
39, -6759.95, -1409.41, 0.997067
39, -6759.95, -1409.41, 2.26864e-06
39, -6759.95, -1409.41, 7.0935e-06
39, -6759.95, -1409.41, 0.00273168
39, -6759.95, -1409.41, 0.000191505
39, -6362.32, -930.801, 0.997067
39, -6362.32, -930.801, 2.25965e-06
39, -6362.32, -930.801, 7.07656e-06
39, -6362.32, -930.801, 0.00273239
39, -6362.32, -930.801, 0.000191505
39, -6441.02, -675.731, 0.997067
39, -6441.02, -675.731, 2.25966e-06
39, -6441.02, -675.731, 7.07656e-06
39, -6441.02, -675.731, 0.00273239
39, -6441.02, -675.731, 0.000191505
39, -6558.24, -824.661, 0.997068
39, -6558.24, -824.661, 2.25984e-06
39, -6558.24, -824.661, 7.07691e-06
39, -6558.24, -824.661, 0.00273171
39, -6558.24, -824.661, 0.000191505
39, -6127.89, -632.942, 0.997064
39, -6127.89, -632.942, 2.26553e-06
39, -6127.89, -632.942, 7.08766e-06
39, -6127.89, -632.942, 0.00273476
39, -6127.89, -632.942, 0.000191505
39, -5918.77, -1372.7, 0.997067
39, -5918.77, -1372.7, 2.27792e-06
39, -5918.77, -1372.7, 7.11103e-06
39, -5918.77, -1372.7, 0.00273239
39, -5918.77, -1372.7, 0.000191505
39, -10719.7, -29.7089, 0.998735
39, -10719.7, -29.7089, 1.11367e-05
39, -10719.7, -29.7089, 3.43556e-05
39, -10719.7, -29.7089, 0.00120219
39, -10719.7, -29.7089, 1.77503e-05
39, -8802.92, -197.518, 0.998735
39, -8802.92, -197.518, 1.11426e-05
39, -8802.92, -197.518, 3.43666e-05
39, -8802.92, -197.518, 0.00120161
39, -8802.92, -197.518, 1.77504e-05
39, -9863.37, -590.877, 0.998734
39, -9863.37, -590.877, 1.11399e-05
39, -9863.37, -590.877, 3.43616e-05
39, -9863.37, -590.877, 0.00120234
39, -9863.37, -590.877, 1.77503e-05
39, -9761.33, -113.614, 0.998735
39, -9761.33, -113.614, 1.11426e-05
39, -9761.33, -113.614, 3.43666e-05
39, -9761.33, -113.614, 0.00120161
39, -9761.33, -113.614, 1.77504e-05
39, -9333.15, -394.198, 0.998735
39, -9333.15, -394.198, 1.11426e-05
39, -9333.15, -394.198, 3.43666e-05
39, -9333.15, -394.198, 0.00120161
39, -9333.15, -394.198, 1.77504e-05
39, -8398.13, 28.1933, 0.998735
39, -8398.13, 28.1933, 1.11369e-05
39, -8398.13, 28.1933, 3.43558e-05
39, -8398.13, 28.1933, 0.00120188
39, -8398.13, 28.1933, 1.77503e-05
39, -10240.5, -71.6612, 0.998735
39, -10240.5, -71.6612, 1.11426e-05
39, -10240.5, -71.6612, 3.43666e-05
39, -10240.5, -71.6612, 0.00120161
39, -10240.5, -71.6612, 1.77504e-05
39, -9282.13, -155.566, 0.998735
39, -9282.13, -155.566, 1.11426e-05
39, -9282.13, -155.566, 3.43666e-05
39, -9282.13, -155.566, 0.00120161
39, -9282.13, -155.566, 1.77504e-05
39, -9812.35, -352.245, 0.998735
39, -9812.35, -352.245, 1.11426e-05
39, -9812.35, -352.245, 3.43666e-05
39, -9812.35, -352.245, 0.00120161
39, -9812.35, -352.245, 1.77504e-05
39, -10291.6, -310.293, 0.998735
39, -10291.6, -310.293, 1.11436e-05
39, -10291.6, -310.293, 3.43685e-05
39, -10291.6, -310.293, 0.00120151
39, -10291.6, -310.293, 1.77504e-05
39, -10103, -569.901, 0.998733
39, -10103, -569.901, 1.11198e-05
39, -10103, -569.901, 3.43237e-05
39, -10103, -569.901, 0.00120386
39, -10103, -569.901, 1.77498e-05
39, -9598.26, -492.538, 0.998735
39, -9598.26, -492.538, 1.11426e-05
39, -9598.26, -492.538, 3.43666e-05
39, -9598.26, -492.538, 0.00120161
39, -9598.26, -492.538, 1.77504e-05
39, -9068.04, -295.858, 0.998735
39, -9068.04, -295.858, 1.11426e-05
39, -9068.04, -295.858, 3.43666e-05
39, -9068.04, -295.858, 0.00120161
39, -9068.04, -295.858, 1.77504e-05
39, -9536.9, -672.664, 0.998735
39, -9536.9, -672.664, 1.11416e-05
39, -9536.9, -672.664, 3.43647e-05
39, -9536.9, -672.664, 0.00120222
39, -9536.9, -672.664, 1.77504e-05
39, -8741.56, -377.645, 0.998735
39, -8741.56, -377.645, 1.11418e-05
39, -8741.56, -377.645, 3.4365e-05
39, -8741.56, -377.645, 0.0012021
39, -8741.56, -377.645, 1.77504e-05
39, -8561.48, -281.26, 0.998735
39, -8561.48, -281.26, 1.11388e-05
39, -8561.48, -281.26, 3.43594e-05
39, -8561.48, -281.26, 0.00120214
39, -8561.48, -281.26, 1.77503e-05
39, -8600.53, -84.6625, 0.998735
39, -8600.53, -84.6625, 1.11413e-05
39, -8600.53, -84.6625, 3.43641e-05
39, -8600.53, -84.6625, 0.00120167
39, -8600.53, -84.6625, 1.77504e-05
39, -8195.73, 141.049, 0.998732
39, -8195.73, 141.049, 1.11266e-05
39, -8195.73, 141.049, 3.43365e-05
39, -8195.73, 141.049, 0.00120443
39, -8195.73, 141.049, 1.775e-05
39, -8763.64, 1.61393, 0.998735
39, -8763.64, 1.61393, 1.11341e-05
39, -8763.64, 1.61393, 3.43507e-05
39, -8763.64, 1.61393, 0.00120194
39, -8763.64, 1.61393, 1.77502e-05
39, -8931.25, -28.6051, 0.998735
39, -8931.25, -28.6051, 1.11336e-05
39, -8931.25, -28.6051, 3.43497e-05
39, -8931.25, -28.6051, 0.00120197
39, -8931.25, -28.6051, 1.77502e-05
39, -10603.2, 148.587, 0.998735
39, -10603.2, 148.587, 1.11377e-05
39, -10603.2, 148.587, 3.43574e-05
39, -10603.2, 148.587, 0.0012018
39, -10603.2, 148.587, 1.77503e-05
39, -10480.1, -50.685, 0.998735
39, -10480.1, -50.685, 1.11426e-05
39, -10480.1, -50.685, 3.43666e-05
39, -10480.1, -50.685, 0.00120161
39, -10480.1, -50.685, 1.77504e-05
39, -10000.9, -92.6374, 0.998735
39, -10000.9, -92.6374, 1.11426e-05
39, -10000.9, -92.6374, 3.43666e-05
39, -10000.9, -92.6374, 0.00120161
39, -10000.9, -92.6374, 1.77504e-05
39, -9884.42, 85.6582, 0.998735
39, -9884.42, 85.6582, 1.11342e-05
39, -9884.42, 85.6582, 3.43508e-05
39, -9884.42, 85.6582, 0.00120194
39, -9884.42, 85.6582, 1.77502e-05
39, -9521.73, -134.59, 0.998735
39, -9521.73, -134.59, 1.11426e-05
39, -9521.73, -134.59, 3.43666e-05
39, -9521.73, -134.59, 0.00120161
39, -9521.73, -134.59, 1.77504e-05
39, -9042.53, -176.542, 0.998735
39, -9042.53, -176.542, 1.11426e-05
39, -9042.53, -176.542, 3.43665e-05
39, -9042.53, -176.542, 0.00120161
39, -9042.53, -176.542, 1.77504e-05
39, -9165.61, 22.7296, 0.998735
39, -9165.61, 22.7296, 1.11278e-05
39, -9165.61, 22.7296, 3.43387e-05
39, -9165.61, 22.7296, 0.0012022
39, -9165.61, 22.7296, 1.775e-05
39, -9786.84, -232.93, 0.998735
39, -9786.84, -232.93, 1.11426e-05
39, -9786.84, -232.93, 3.43666e-05
39, -9786.84, -232.93, 0.00120161
39, -9786.84, -232.93, 1.77504e-05
39, -9837.86, -471.561, 0.998735
39, -9837.86, -471.561, 1.11426e-05
39, -9837.86, -471.561, 3.43666e-05
39, -9837.86, -471.561, 0.00120161
39, -9837.86, -471.561, 1.77504e-05
39, -10745.3, -149.025, 0.998731
39, -10745.3, -149.025, 1.11023e-05
39, -10745.3, -149.025, 3.42906e-05
39, -10745.3, -149.025, 0.00120559
39, -10745.3, -149.025, 1.77494e-05
39, -10026.4, -211.953, 0.998735
39, -10026.4, -211.953, 1.11426e-05
39, -10026.4, -211.953, 3.43666e-05
39, -10026.4, -211.953, 0.00120161
39, -10026.4, -211.953, 1.77504e-05
39, -9006.67, -475.985, 0.998735
39, -9006.67, -475.985, 1.11418e-05
39, -9006.67, -475.985, 3.43652e-05
39, -9006.67, -475.985, 0.00120207
39, -9006.67, -475.985, 1.77504e-05
39, -9271.78, -574.325, 0.998735
39, -9271.78, -574.325, 1.11418e-05
39, -9271.78, -574.325, 3.43652e-05
39, -9271.78, -574.325, 0.00120207
39, -9271.78, -574.325, 1.77504e-05
39, -8561.24, 114.47, 0.998733
39, -8561.24, 114.47, 1.11299e-05
39, -8561.24, 114.47, 3.43427e-05
39, -8561.24, 114.47, 0.00120347
39, -8561.24, 114.47, 1.77501e-05
39, -8358.84, 227.326, 0.998731
39, -8358.84, 227.326, 1.11288e-05
39, -8358.84, 227.326, 3.43408e-05
39, -8358.84, 227.326, 0.00120542
39, -8358.84, 227.326, 1.77501e-05
39, -10363.6, 127.611, 0.998735
39, -10363.6, 127.611, 1.11342e-05
39, -10363.6, 127.611, 3.43508e-05
39, -10363.6, 127.611, 0.00120194
39, -10363.6, 127.611, 1.77502e-05
39, -10124, 106.634, 0.998735
39, -10124, 106.634, 1.11342e-05
39, -10124, 106.634, 3.43508e-05
39, -10124, 106.634, 0.00120194
39, -10124, 106.634, 1.77502e-05
39, -9644.82, 64.682, 0.998735
39, -9644.82, 64.682, 1.11342e-05
39, -9644.82, 64.682, 3.43508e-05
39, -9644.82, 64.682, 0.00120194
39, -9644.82, 64.682, 1.77502e-05
39, -9405.22, 43.7058, 0.998735
39, -9405.22, 43.7058, 1.11342e-05
39, -9405.22, 43.7058, 3.43508e-05
39, -9405.22, 43.7058, 0.00120194
39, -9405.22, 43.7058, 1.77502e-05
39, -9307.64, -274.882, 0.998735
39, -9307.64, -274.882, 1.11426e-05
39, -9307.64, -274.882, 3.43666e-05
39, -9307.64, -274.882, 0.00120161
39, -9307.64, -274.882, 1.77504e-05
39, -9547.24, -253.906, 0.998735
39, -9547.24, -253.906, 1.11426e-05
39, -9547.24, -253.906, 3.43666e-05
39, -9547.24, -253.906, 0.00120161
39, -9547.24, -253.906, 1.77504e-05
39, -9572.75, -373.222, 0.998735
39, -9572.75, -373.222, 1.11426e-05
39, -9572.75, -373.222, 3.43666e-05
39, -9572.75, -373.222, 0.00120161
39, -9572.75, -373.222, 1.77504e-05
39, -10505.7, -170.001, 0.998735
39, -10505.7, -170.001, 1.11436e-05
39, -10505.7, -170.001, 3.43685e-05
39, -10505.7, -170.001, 0.00120151
39, -10505.7, -170.001, 1.77504e-05
39, -10531.2, -289.317, 0.998733
39, -10531.2, -289.317, 1.1122e-05
39, -10531.2, -289.317, 3.43279e-05
39, -10531.2, -289.317, 0.00120364
39, -10531.2, -289.317, 1.77499e-05
39, -10266, -190.977, 0.998735
39, -10266, -190.977, 1.11426e-05
39, -10266, -190.977, 3.43666e-05
39, -10266, -190.977, 0.00120161
39, -10266, -190.977, 1.77504e-05
39, -10317.1, -429.609, 0.998733
39, -10317.1, -429.609, 1.11213e-05
39, -10317.1, -429.609, 3.43266e-05
39, -10317.1, -429.609, 0.00120371
39, -10317.1, -429.609, 1.77499e-05
39, -10077.5, -450.585, 0.998735
39, -10077.5, -450.585, 1.11436e-05
39, -10077.5, -450.585, 3.43685e-05
39, -10077.5, -450.585, 0.00120151
39, -10077.5, -450.585, 1.77504e-05
39, -10052, -331.269, 0.998735
39, -10052, -331.269, 1.11426e-05
39, -10052, -331.269, 3.43666e-05
39, -10052, -331.269, 0.00120161
39, -10052, -331.269, 1.77504e-05
39, -10923.8, -984.236, 0.998157
39, -10923.8, -984.236, 5.40236e-06
39, -10923.8, -984.236, 1.70364e-05
39, -10923.8, -984.236, 0.00174076
39, -10923.8, -984.236, 7.97427e-05
39, -11193.2, -620.172, 0.998159
39, -11193.2, -620.172, 5.39136e-06
39, -11193.2, -620.172, 1.70156e-05
39, -11193.2, -620.172, 0.00173888
39, -11193.2, -620.172, 7.97424e-05
39, -10998, 96.5468, 0.998159
39, -10998, 96.5468, 5.39139e-06
39, -10998, 96.5468, 1.70156e-05
39, -10998, 96.5468, 0.00173888
39, -10998, 96.5468, 7.97424e-05
39, -10821.8, -506.973, 0.998159
39, -10821.8, -506.973, 5.39137e-06
39, -10821.8, -506.973, 1.70156e-05
39, -10821.8, -506.973, 0.00173888
39, -10821.8, -506.973, 7.97424e-05
39, -10393.6, -787.557, 0.998159
39, -10393.6, -787.557, 5.39137e-06
39, -10393.6, -787.557, 1.70156e-05
39, -10393.6, -787.557, 0.00173888
39, -10393.6, -787.557, 7.97424e-05
39, -10342.6, -548.925, 0.998161
39, -10342.6, -548.925, 5.41127e-06
39, -10342.6, -548.925, 1.70531e-05
39, -10342.6, -548.925, 0.00173691
39, -10342.6, -548.925, 7.9743e-05
39, -10872.8, -745.605, 0.998159
39, -10872.8, -745.605, 5.39137e-06
39, -10872.8, -745.605, 1.70156e-05
39, -10872.8, -745.605, 0.00173888
39, -10872.8, -745.605, 7.97424e-05
39, -10199.5, -1469.03, 0.998159
39, -10199.5, -1469.03, 5.39311e-06
39, -10199.5, -1469.03, 1.70189e-05
39, -10199.5, -1469.03, 0.00173918
39, -10199.5, -1469.03, 7.97425e-05
39, -10270.9, -1147.81, 0.998159
39, -10270.9, -1147.81, 5.39138e-06
39, -10270.9, -1147.81, 1.70156e-05
39, -10270.9, -1147.81, 0.00173888
39, -10270.9, -1147.81, 7.97424e-05
39, -10128.1, -1790.24, 0.998159
39, -10128.1, -1790.24, 5.39712e-06
39, -10128.1, -1790.24, 1.70264e-05
39, -10128.1, -1790.24, 0.0017391
39, -10128.1, -1790.24, 7.97426e-05
39, -10770.8, -268.341, 0.998163
39, -10770.8, -268.341, 5.43266e-06
39, -10770.8, -268.341, 1.70935e-05
39, -10770.8, -268.341, 0.00173479
39, -10770.8, -268.341, 7.97435e-05
39, -11058.5, -802.204, 0.998159
39, -11058.5, -802.204, 5.39137e-06
39, -11058.5, -802.204, 1.70156e-05
39, -11058.5, -802.204, 0.00173888
39, -11058.5, -802.204, 7.97424e-05
39, -11095.6, -261.812, 0.998159
39, -11095.6, -261.812, 5.39139e-06
39, -11095.6, -261.812, 1.70156e-05
39, -11095.6, -261.812, 0.00173888
39, -11095.6, -261.812, 7.97424e-05
39, -10858.9, 33.419, 0.99816
39, -10858.9, 33.419, 5.40048e-06
39, -10858.9, 33.419, 1.70328e-05
39, -10858.9, 33.419, 0.00173798
39, -10858.9, 33.419, 7.97427e-05
39, -10956.5, -324.94, 0.99816
39, -10956.5, -324.94, 5.39959e-06
39, -10956.5, -324.94, 1.70311e-05
39, -10956.5, -324.94, 0.00173807
39, -10956.5, -324.94, 7.97427e-05
39, -11007.5, -563.572, 0.998159
39, -11007.5, -563.572, 5.39134e-06
39, -11007.5, -563.572, 1.70156e-05
39, -11007.5, -563.572, 0.00173888
39, -11007.5, -563.572, 7.97424e-05
39, -10658.7, -885.897, 0.998159
39, -10658.7, -885.897, 5.39138e-06
39, -10658.7, -885.897, 1.70156e-05
39, -10658.7, -885.897, 0.00173888
39, -10658.7, -885.897, 7.97424e-05
39, -10128.5, -689.217, 0.99816
39, -10128.5, -689.217, 5.40421e-06
39, -10128.5, -689.217, 1.70398e-05
39, -10128.5, -689.217, 0.00173762
39, -10128.5, -689.217, 7.97428e-05
39, -10582.2, -527.949, 0.998159
39, -10582.2, -527.949, 5.39047e-06
39, -10582.2, -527.949, 1.70139e-05
39, -10582.2, -527.949, 0.00173897
39, -10582.2, -527.949, 7.97424e-05
39, -10898.3, -864.92, 0.998159
39, -10898.3, -864.92, 5.39139e-06
39, -10898.3, -864.92, 1.70156e-05
39, -10898.3, -864.92, 0.00173888
39, -10898.3, -864.92, 7.97424e-05
39, -10847.3, -626.289, 0.998159
39, -10847.3, -626.289, 5.39137e-06
39, -10847.3, -626.289, 1.70156e-05
39, -10847.3, -626.289, 0.00173888
39, -10847.3, -626.289, 7.97424e-05
39, -9908.71, -1390.21, 0.998159
39, -9908.71, -1390.21, 5.3939e-06
39, -9908.71, -1390.21, 1.70204e-05
39, -9908.71, -1390.21, 0.00173877
39, -9908.71, -1390.21, 7.97425e-05
39, -10597.3, -1066.02, 0.998159
39, -10597.3, -1066.02, 5.39289e-06
39, -10597.3, -1066.02, 1.70185e-05
39, -10597.3, -1066.02, 0.00173914
39, -10597.3, -1066.02, 7.97425e-05
39, -9944.39, -1229.6, 0.998159
39, -9944.39, -1229.6, 5.3944e-06
39, -9944.39, -1229.6, 1.70213e-05
39, -9944.39, -1229.6, 0.00173875
39, -9944.39, -1229.6, 7.97425e-05
39, -10796.3, -387.657, 0.998159
39, -10796.3, -387.657, 5.39034e-06
39, -10796.3, -387.657, 1.70136e-05
39, -10796.3, -387.657, 0.00173898
39, -10796.3, -387.657, 7.97424e-05
39, -10556.7, -408.633, 0.998161
39, -10556.7, -408.633, 5.41127e-06
39, -10556.7, -408.633, 1.70531e-05
39, -10556.7, -408.633, 0.00173691
39, -10556.7, -408.633, 7.9743e-05
39, -10633.2, -766.581, 0.998159
39, -10633.2, -766.581, 5.39137e-06
39, -10633.2, -766.581, 1.70156e-05
39, -10633.2, -766.581, 0.00173888
39, -10633.2, -766.581, 7.97424e-05
39, -10368.1, -668.241, 0.998159
39, -10368.1, -668.241, 5.39047e-06
39, -10368.1, -668.241, 1.70139e-05
39, -10368.1, -668.241, 0.00173897
39, -10368.1, -668.241, 7.97424e-05
39, -10607.7, -647.265, 0.998159
39, -10607.7, -647.265, 5.39137e-06
39, -10607.7, -647.265, 1.70156e-05
39, -10607.7, -647.265, 0.00173888
39, -10607.7, -647.265, 7.97424e-05
39, -10561.7, -1226.63, 0.998158
39, -10561.7, -1226.63, 5.39879e-06
39, -10561.7, -1226.63, 1.70296e-05
39, -10561.7, -1226.63, 0.00174015
39, -10561.7, -1226.63, 7.97426e-05
39, -10235.2, -1308.42, 0.998159
39, -10235.2, -1308.42, 5.39295e-06
39, -10235.2, -1308.42, 1.70186e-05
39, -10235.2, -1308.42, 0.00173915
39, -10235.2, -1308.42, 7.97425e-05
39, -10163.8, -1629.63, 0.998159
39, -10163.8, -1629.63, 5.39311e-06
39, -10163.8, -1629.63, 1.70189e-05
39, -10163.8, -1629.63, 0.00173918
39, -10163.8, -1629.63, 7.97425e-05
39, -9837.34, -1711.42, 0.998159
39, -9837.34, -1711.42, 5.39732e-06
39, -9837.34, -1711.42, 1.70268e-05
39, -9837.34, -1711.42, 0.00173873
39, -9837.34, -1711.42, 7.97426e-05
39, -9873.03, -1550.81, 0.998159
39, -9873.03, -1550.81, 5.39395e-06
39, -9873.03, -1550.81, 1.70205e-05
39, -9873.03, -1550.81, 0.00173877
39, -9873.03, -1550.81, 7.97425e-05
39, -10332.2, -967.684, 0.998159
39, -10332.2, -967.684, 5.39137e-06
39, -10332.2, -967.684, 1.70156e-05
39, -10332.2, -967.684, 0.00173888
39, -10332.2, -967.684, 7.97424e-05
39, -10005.8, -1049.47, 0.998159
39, -10005.8, -1049.47, 5.39424e-06
39, -10005.8, -1049.47, 1.7021e-05
39, -10005.8, -1049.47, 0.00173876
39, -10005.8, -1049.47, 7.97425e-05
39, -10067.1, -869.344, 0.998159
39, -10067.1, -869.344, 5.39425e-06
39, -10067.1, -869.344, 1.7021e-05
39, -10067.1, -869.344, 0.00173875
39, -10067.1, -869.344, 7.97425e-05
39, -11033, -682.888, 0.998159
39, -11033, -682.888, 5.39137e-06
39, -11033, -682.888, 1.70156e-05
39, -11033, -682.888, 0.00173888
39, -11033, -682.888, 7.97424e-05
39, -10982, -444.256, 0.998158
39, -10982, -444.256, 5.37793e-06
39, -10982, -444.256, 1.69902e-05
39, -10982, -444.256, 0.00174021
39, -10982, -444.256, 7.97421e-05
39, -10638.4, -2269.1, 0.997462
39, -10638.4, -2269.1, 9.46553e-06
39, -10638.4, -2269.1, 2.95249e-05
39, -10638.4, -2269.1, 0.0024568
39, -10638.4, -2269.1, 4.1951e-05
39, -11242, -1854.92, 0.997462
39, -11242, -1854.92, 9.48521e-06
39, -11242, -1854.92, 2.9562e-05
39, -11242, -1854.92, 0.00245715
39, -11242, -1854.92, 4.19515e-05
39, -10781.1, -1626.67, 0.997462
39, -10781.1, -1626.67, 9.48521e-06
39, -10781.1, -1626.67, 2.9562e-05
39, -10781.1, -1626.67, 0.00245715
39, -10781.1, -1626.67, 4.19515e-05
39, -10852.5, -1305.45, 0.997462
39, -10852.5, -1305.45, 9.48314e-06
39, -10852.5, -1305.45, 2.95581e-05
39, -10852.5, -1305.45, 0.0024568
39, -10852.5, -1305.45, 4.19514e-05
39, -10709.7, -1947.88, 0.997462
39, -10709.7, -1947.88, 9.48521e-06
39, -10709.7, -1947.88, 2.9562e-05
39, -10709.7, -1947.88, 0.00245715
39, -10709.7, -1947.88, 4.19515e-05
39, -10940.2, -2062.01, 0.997462
39, -10940.2, -2062.01, 9.48521e-06
39, -10940.2, -2062.01, 2.9562e-05
39, -10940.2, -2062.01, 0.00245715
39, -10940.2, -2062.01, 4.19515e-05
39, -11082.9, -1419.58, 0.997461
39, -11082.9, -1419.58, 9.48865e-06
39, -11082.9, -1419.58, 2.95685e-05
39, -11082.9, -1419.58, 0.00245775
39, -11082.9, -1419.58, 4.19516e-05
39, -11011.6, -1740.79, 0.997462
39, -11011.6, -1740.79, 9.48521e-06
39, -11011.6, -1740.79, 2.9562e-05
39, -11011.6, -1740.79, 0.00245715
39, -11011.6, -1740.79, 4.19515e-05
39, -10888.1, -1144.84, 0.997464
39, -10888.1, -1144.84, 9.47383e-06
39, -10888.1, -1144.84, 2.95405e-05
39, -10888.1, -1144.84, 0.0024552
39, -10888.1, -1144.84, 4.19512e-05
39, -10816.8, -1466.06, 0.997462
39, -10816.8, -1466.06, 9.4852e-06
39, -10816.8, -1466.06, 2.9562e-05
39, -10816.8, -1466.06, 0.00245715
39, -10816.8, -1466.06, 4.19515e-05
39, -10490.3, -1547.85, 0.997462
39, -10490.3, -1547.85, 9.48346e-06
39, -10490.3, -1547.85, 2.95587e-05
39, -10490.3, -1547.85, 0.00245685
39, -10490.3, -1547.85, 4.19515e-05
39, -10454.6, -1708.45, 0.997462
39, -10454.6, -1708.45, 9.48346e-06
39, -10454.6, -1708.45, 2.95587e-05
39, -10454.6, -1708.45, 0.00245685
39, -10454.6, -1708.45, 4.19515e-05
39, -10745.4, -1787.28, 0.997462
39, -10745.4, -1787.28, 9.48521e-06
39, -10745.4, -1787.28, 2.9562e-05
39, -10745.4, -1787.28, 0.00245715
39, -10745.4, -1787.28, 4.19515e-05
39, -10674, -2108.49, 0.997462
39, -10674, -2108.49, 9.48505e-06
39, -10674, -2108.49, 2.95617e-05
39, -10674, -2108.49, 0.00245715
39, -10674, -2108.49, 4.19515e-05
39, -10526, -1387.24, 0.997463
39, -10526, -1387.24, 9.47777e-06
39, -10526, -1387.24, 2.9548e-05
39, -10526, -1387.24, 0.00245588
39, -10526, -1387.24, 4.19513e-05
39, -10383.2, -2029.67, 0.997462
39, -10383.2, -2029.67, 9.47886e-06
39, -10383.2, -2029.67, 2.955e-05
39, -10383.2, -2029.67, 0.00245667
39, -10383.2, -2029.67, 4.19513e-05
39, -10418.9, -1869.06, 0.997462
39, -10418.9, -1869.06, 9.48328e-06
39, -10418.9, -1869.06, 2.95584e-05
39, -10418.9, -1869.06, 0.0024568
39, -10418.9, -1869.06, 4.19515e-05
39, -11047.2, -1580.18, 0.997462
39, -11047.2, -1580.18, 9.48522e-06
39, -11047.2, -1580.18, 2.9562e-05
39, -11047.2, -1580.18, 0.00245716
39, -11047.2, -1580.18, 4.19515e-05
39, -10975.9, -1901.4, 0.997462
39, -10975.9, -1901.4, 9.48521e-06
39, -10975.9, -1901.4, 2.9562e-05
39, -10975.9, -1901.4, 0.00245715
39, -10975.9, -1901.4, 4.19515e-05
39, -9617.91, -1311.38, 0.998399
39, -9617.91, -1311.38, 1.05694e-05
39, -9617.91, -1311.38, 3.26015e-05
39, -9617.91, -1311.38, 0.00154157
39, -9617.91, -1311.38, 1.61253e-05
39, -8557.46, -918.025, 0.998399
39, -8557.46, -918.025, 1.05717e-05
39, -8557.46, -918.025, 3.26058e-05
39, -8557.46, -918.025, 0.00154147
39, -8557.46, -918.025, 1.61254e-05
39, -9546.55, -1632.6, 0.998399
39, -9546.55, -1632.6, 1.05601e-05
39, -9546.55, -1632.6, 3.2584e-05
39, -9546.55, -1632.6, 0.00154193
39, -9546.55, -1632.6, 1.61251e-05
39, -9740.64, -951.131, 0.998399
39, -9740.64, -951.131, 1.05692e-05
39, -9740.64, -951.131, 3.26011e-05
39, -9740.64, -951.131, 0.00154158
39, -9740.64, -951.131, 1.61253e-05
39, -9210.42, -754.451, 0.9984
39, -9210.42, -754.451, 1.05723e-05
39, -9210.42, -754.451, 3.2607e-05
39, -9210.42, -754.451, 0.0015411
39, -9210.42, -754.451, 1.61254e-05
39, -8680.19, -557.772, 0.9984
39, -8680.19, -557.772, 1.05723e-05
39, -8680.19, -557.772, 3.26069e-05
39, -8680.19, -557.772, 0.00154111
39, -8680.19, -557.772, 1.61254e-05
39, -8434.73, -1278.28, 0.998399
39, -8434.73, -1278.28, 1.05632e-05
39, -8434.73, -1278.28, 3.25898e-05
39, -8434.73, -1278.28, 0.0015418
39, -8434.73, -1278.28, 1.61252e-05
39, -9087.69, -1114.7, 0.998399
39, -9087.69, -1114.7, 1.05666e-05
39, -9087.69, -1114.7, 3.25962e-05
39, -9087.69, -1114.7, 0.00154167
39, -9087.69, -1114.7, 1.61253e-05
39, -8197.31, -725.255, 0.998399
39, -8197.31, -725.255, 1.05681e-05
39, -8197.31, -725.255, 3.25991e-05
39, -8197.31, -725.255, 0.00154149
39, -8197.31, -725.255, 1.61253e-05
39, -8074.58, -1085.51, 0.998399
39, -8074.58, -1085.51, 1.05618e-05
39, -8074.58, -1085.51, 3.25873e-05
39, -8074.58, -1085.51, 0.00154154
39, -8074.58, -1085.51, 1.61251e-05
39, -9582.23, -1471.99, 0.998399
39, -9582.23, -1471.99, 1.05672e-05
39, -9582.23, -1471.99, 3.25974e-05
39, -9582.23, -1471.99, 0.00154165
39, -9582.23, -1471.99, 1.61253e-05
39, -9679.28, -1131.26, 0.998399
39, -9679.28, -1131.26, 1.05692e-05
39, -9679.28, -1131.26, 3.26011e-05
39, -9679.28, -1131.26, 0.00154158
39, -9679.28, -1131.26, 1.61253e-05
39, -9802.01, -771.004, 0.9984
39, -9802.01, -771.004, 1.057e-05
39, -9802.01, -771.004, 3.26027e-05
39, -9802.01, -771.004, 0.00154105
39, -9802.01, -771.004, 1.61254e-05
39, -8883.94, -836.238, 0.998399
39, -8883.94, -836.238, 1.05717e-05
39, -8883.94, -836.238, 3.26058e-05
39, -8883.94, -836.238, 0.00154147
39, -8883.94, -836.238, 1.61254e-05
39, -8618.83, -737.898, 0.998399
39, -8618.83, -737.898, 1.05717e-05
39, -8618.83, -737.898, 3.26058e-05
39, -8618.83, -737.898, 0.00154147
39, -8618.83, -737.898, 1.61254e-05
39, -8496.1, -1098.15, 0.998399
39, -8496.1, -1098.15, 1.05717e-05
39, -8496.1, -1098.15, 3.26058e-05
39, -8496.1, -1098.15, 0.00154147
39, -8496.1, -1098.15, 1.61254e-05
39, -8822.58, -1016.36, 0.998399
39, -8822.58, -1016.36, 1.05717e-05
39, -8822.58, -1016.36, 3.26058e-05
39, -8822.58, -1016.36, 0.00154147
39, -8822.58, -1016.36, 1.61254e-05
39, -9352.8, -1213.04, 0.998399
39, -9352.8, -1213.04, 1.05664e-05
39, -9352.8, -1213.04, 3.25958e-05
39, -9352.8, -1213.04, 0.00154167
39, -9352.8, -1213.04, 1.61253e-05
39, -8377.39, -821.64, 0.998399
39, -8377.39, -821.64, 1.05717e-05
39, -8377.39, -821.64, 3.26058e-05
39, -8377.39, -821.64, 0.00154147
39, -8377.39, -821.64, 1.61254e-05
39, -8316.02, -1001.77, 0.998399
39, -8316.02, -1001.77, 1.05717e-05
39, -8316.02, -1001.77, 3.26058e-05
39, -8316.02, -1001.77, 0.00154147
39, -8316.02, -1001.77, 1.61254e-05
39, -8945.31, -656.112, 0.9984
39, -8945.31, -656.112, 1.05723e-05
39, -8945.31, -656.112, 3.2607e-05
39, -8945.31, -656.112, 0.0015411
39, -8945.31, -656.112, 1.61254e-05
39, -8761.21, -1196.49, 0.998399
39, -8761.21, -1196.49, 1.05642e-05
39, -8761.21, -1196.49, 3.25917e-05
39, -8761.21, -1196.49, 0.00154176
39, -8761.21, -1196.49, 1.61252e-05
39, -9475.53, -852.791, 0.9984
39, -9475.53, -852.791, 1.05723e-05
39, -9475.53, -852.791, 3.2607e-05
39, -9475.53, -852.791, 0.00154111
39, -9475.53, -852.791, 1.61254e-05
39, -9414.17, -1032.92, 0.998399
39, -9414.17, -1032.92, 1.05717e-05
39, -9414.17, -1032.92, 3.26058e-05
39, -9414.17, -1032.92, 0.00154147
39, -9414.17, -1032.92, 1.61254e-05
39, -9149.05, -934.578, 0.998399
39, -9149.05, -934.578, 1.05717e-05
39, -9149.05, -934.578, 3.26058e-05
39, -9149.05, -934.578, 0.00154147
39, -9149.05, -934.578, 1.61254e-05
39, -8500.12, -461.386, 0.9984
39, -8500.12, -461.386, 1.05703e-05
39, -8500.12, -461.386, 3.26033e-05
39, -8500.12, -461.386, 0.00154114
39, -8500.12, -461.386, 1.61254e-05
39, -8438.75, -641.513, 0.998399
39, -8438.75, -641.513, 1.05717e-05
39, -8438.75, -641.513, 3.26058e-05
39, -8438.75, -641.513, 0.00154147
39, -8438.75, -641.513, 1.61254e-05
39, -8258.67, -545.128, 0.998399
39, -8258.67, -545.128, 1.05621e-05
39, -8258.67, -545.128, 3.25878e-05
39, -8258.67, -545.128, 0.00154154
39, -8258.67, -545.128, 1.61252e-05
39, -8254.66, -1181.89, 0.998399
39, -8254.66, -1181.89, 1.05658e-05
39, -8254.66, -1181.89, 3.25948e-05
39, -8254.66, -1181.89, 0.00154166
39, -8254.66, -1181.89, 1.61253e-05
39, -8135.94, -905.381, 0.998399
39, -8135.94, -905.381, 1.05689e-05
39, -8135.94, -905.381, 3.26005e-05
39, -8135.94, -905.381, 0.00154149
39, -8135.94, -905.381, 1.61253e-05
39, -6871.37, -867.449, 0.99837
39, -6871.37, -867.449, 2.59143e-06
39, -6871.37, -867.449, 8.68952e-06
39, -6871.37, -867.449, 0.00156138
39, -6871.37, -867.449, 5.73754e-05
39, -7837.15, -532.484, 0.998371
39, -7837.15, -532.484, 2.59166e-06
39, -7837.15, -532.484, 8.68996e-06
39, -7837.15, -532.484, 0.00156054
39, -7837.15, -532.484, 5.73754e-05
39, -7591.69, -1252.99, 0.998371
39, -7591.69, -1252.99, 2.59646e-06
39, -7591.69, -1252.99, 8.69899e-06
39, -7591.69, -1252.99, 0.00156081
39, -7591.69, -1252.99, 5.73755e-05
39, -8320.04, -365.001, 0.998371
39, -8320.04, -365.001, 2.60633e-06
39, -8320.04, -365.001, 8.71758e-06
39, -8320.04, -365.001, 0.00156036
39, -8320.04, -365.001, 5.73758e-05
39, -7915.24, -139.289, 0.998371
39, -7915.24, -139.289, 2.59166e-06
39, -7915.24, -139.289, 8.68996e-06
39, -7915.24, -139.289, 0.00156054
39, -7915.24, -139.289, 5.73754e-05
39, -7432.35, -306.772, 0.998368
39, -7432.35, -306.772, 2.59459e-06
39, -7432.35, -306.772, 8.6955e-06
39, -7432.35, -306.772, 0.001563
39, -7432.35, -306.772, 5.73755e-05
39, -7714.42, -892.737, 0.998371
39, -7714.42, -892.737, 2.59166e-06
39, -7714.42, -892.737, 8.68996e-06
39, -7714.42, -892.737, 0.00156054
39, -7714.42, -892.737, 5.73754e-05
39, -7354.26, -699.967, 0.998371
39, -7354.26, -699.967, 2.59166e-06
39, -7354.26, -699.967, 8.68996e-06
39, -7354.26, -699.967, 0.00156054
39, -7354.26, -699.967, 5.73754e-05
39, -7231.53, -1060.22, 0.998371
39, -7231.53, -1060.22, 2.59166e-06
39, -7231.53, -1060.22, 8.68995e-06
39, -7231.53, -1060.22, 0.00156054
39, -7231.53, -1060.22, 5.73754e-05
39, -6955.87, -1303.27, 0.99837
39, -6955.87, -1303.27, 2.59134e-06
39, -6955.87, -1303.27, 8.68936e-06
39, -6955.87, -1303.27, 0.00156171
39, -6955.87, -1303.27, 5.73754e-05
39, -8078.59, -448.742, 0.998371
39, -8078.59, -448.742, 2.59749e-06
39, -8078.59, -448.742, 8.70092e-06
39, -8078.59, -448.742, 0.0015605
39, -8078.59, -448.742, 5.73756e-05
39, -7876.19, -335.887, 0.998371
39, -7876.19, -335.887, 2.59166e-06
39, -7876.19, -335.887, 8.68996e-06
39, -7876.19, -335.887, 0.00156054
39, -7876.19, -335.887, 5.73754e-05
39, -7954.28, 57.3078, 0.998368
39, -7954.28, 57.3078, 2.59475e-06
39, -7954.28, 57.3078, 8.69579e-06
39, -7954.28, 57.3078, 0.00156341
39, -7954.28, 57.3078, 5.73755e-05
39, -7634.75, -419.628, 0.998371
39, -7634.75, -419.628, 2.59166e-06
39, -7634.75, -419.628, 8.68995e-06
39, -7634.75, -419.628, 0.00156054
39, -7634.75, -419.628, 5.73754e-05
39, -8017.23, -628.869, 0.998371
39, -8017.23, -628.869, 2.59925e-06
39, -8017.23, -628.869, 8.70425e-06
39, -8017.23, -628.869, 0.00156049
39, -8017.23, -628.869, 5.73756e-05
39, -7833.13, -1169.25, 0.99837
39, -7833.13, -1169.25, 2.5973e-06
39, -7833.13, -1169.25, 8.70058e-06
39, -7833.13, -1169.25, 0.00156081
39, -7833.13, -1169.25, 5.73756e-05
39, -7775.78, -712.611, 0.998371
39, -7775.78, -712.611, 2.59166e-06
39, -7775.78, -712.611, 8.68996e-06
39, -7775.78, -712.611, 0.00156054
39, -7775.78, -712.611, 5.73754e-05
39, -7653.05, -1072.86, 0.998371
39, -7653.05, -1072.86, 2.59167e-06
39, -7653.05, -1072.86, 8.68996e-06
39, -7653.05, -1072.86, 0.00156054
39, -7653.05, -1072.86, 5.73754e-05
39, -6910.42, -670.852, 0.998369
39, -6910.42, -670.852, 2.59372e-06
39, -6910.42, -670.852, 8.69385e-06
39, -6910.42, -670.852, 0.00156227
39, -6910.42, -670.852, 5.73755e-05
39, -7595.7, -616.225, 0.998371
39, -7595.7, -616.225, 2.59166e-06
39, -7595.7, -616.225, 8.68995e-06
39, -7595.7, -616.225, 0.00156054
39, -7595.7, -616.225, 5.73754e-05
39, -7112.82, -783.708, 0.998371
39, -7112.82, -783.708, 2.59166e-06
39, -7112.82, -783.708, 8.68996e-06
39, -7112.82, -783.708, 0.00156054
39, -7112.82, -783.708, 5.73754e-05
39, -7051.45, -963.835, 0.998371
39, -7051.45, -963.835, 2.59166e-06
39, -7051.45, -963.835, 8.68995e-06
39, -7051.45, -963.835, 0.00156054
39, -7051.45, -963.835, 5.73754e-05
39, -7411.61, -1156.61, 0.998371
39, -7411.61, -1156.61, 2.59167e-06
39, -7411.61, -1156.61, 8.68996e-06
39, -7411.61, -1156.61, 0.00156054
39, -7411.61, -1156.61, 5.73754e-05
39, -7453.86, -1374.52, 0.99837
39, -7453.86, -1374.52, 2.59863e-06
39, -7453.86, -1374.52, 8.70308e-06
39, -7453.86, -1374.52, 0.00156093
39, -7453.86, -1374.52, 5.73756e-05
39, -7178.19, -1617.56, 0.998368
39, -7178.19, -1617.56, 2.60715e-06
39, -7178.19, -1617.56, 8.71916e-06
39, -7178.19, -1617.56, 0.00156262
39, -7178.19, -1617.56, 5.73758e-05
39, -6913.62, -1085.36, 0.99837
39, -6913.62, -1085.36, 2.59133e-06
39, -6913.62, -1085.36, 8.68934e-06
39, -6913.62, -1085.36, 0.00156171
39, -6913.62, -1085.36, 5.73754e-05
39, -6998.11, -1521.18, 0.998368
39, -6998.11, -1521.18, 2.60497e-06
39, -6998.11, -1521.18, 8.71505e-06
39, -6998.11, -1521.18, 0.00156313
39, -6998.11, -1521.18, 5.73758e-05
39, -6754.16, -718.52, 0.998368
39, -6754.16, -718.52, 2.59107e-06
39, -6754.16, -718.52, 8.68884e-06
39, -6754.16, -718.52, 0.00156268
39, -6754.16, -718.52, 5.73754e-05
39, -8359.08, -168.404, 0.998371
39, -8359.08, -168.404, 2.60512e-06
39, -8359.08, -168.404, 8.71529e-06
39, -8359.08, -168.404, 0.00155991
39, -8359.08, -168.404, 5.73758e-05
39, -8117.64, -252.145, 0.998371
39, -8117.64, -252.145, 2.59167e-06
39, -8117.64, -252.145, 8.68997e-06
39, -8117.64, -252.145, 0.00156054
39, -8117.64, -252.145, 5.73754e-05
39, -8156.68, -55.5481, 0.998371
39, -8156.68, -55.5481, 2.60073e-06
39, -8156.68, -55.5481, 8.70704e-06
39, -8156.68, -55.5481, 0.00156012
39, -8156.68, -55.5481, 5.73757e-05
39, -7712.84, -26.4336, 0.998368
39, -7712.84, -26.4336, 2.59234e-06
39, -7712.84, -26.4336, 8.69125e-06
39, -7712.84, -26.4336, 0.00156352
39, -7712.84, -26.4336, 5.73754e-05
39, -7673.79, -223.031, 0.998371
39, -7673.79, -223.031, 2.59166e-06
39, -7673.79, -223.031, 8.68996e-06
39, -7673.79, -223.031, 0.00156055
39, -7673.79, -223.031, 5.73754e-05
39, -7471.4, -110.175, 0.998366
39, -7471.4, -110.175, 2.59476e-06
39, -7471.4, -110.175, 8.69583e-06
39, -7471.4, -110.175, 0.00156452
39, -7471.4, -110.175, 5.73755e-05
39, -8013.21, -1265.63, 0.99837
39, -8013.21, -1265.63, 2.60427e-06
39, -8013.21, -1265.63, 8.71371e-06
39, -8013.21, -1265.63, 0.00156081
39, -8013.21, -1265.63, 5.73757e-05
39, -7955.86, -808.996, 0.998371
39, -7955.86, -808.996, 2.59926e-06
39, -7955.86, -808.996, 8.70425e-06
39, -7955.86, -808.996, 0.00156049
39, -7955.86, -808.996, 5.73756e-05
39, -7894.5, -989.123, 0.998371
39, -7894.5, -989.123, 2.59925e-06
39, -7894.5, -989.123, 8.70425e-06
39, -7894.5, -989.123, 0.00156049
39, -7894.5, -989.123, 5.73756e-05
39, -7151.86, -587.111, 0.998367
39, -7151.86, -587.111, 2.59559e-06
39, -7151.86, -587.111, 8.69738e-06
39, -7151.86, -587.111, 0.00156383
39, -7151.86, -587.111, 5.73755e-05
39, -7393.31, -503.369, 0.998369
39, -7393.31, -503.369, 2.59322e-06
39, -7393.31, -503.369, 8.6929e-06
39, -7393.31, -503.369, 0.00156185
39, -7393.31, -503.369, 5.73755e-05
39, -7292.9, -880.093, 0.998371
39, -7292.9, -880.093, 2.59166e-06
39, -7292.9, -880.093, 8.68995e-06
39, -7292.9, -880.093, 0.00156054
39, -7292.9, -880.093, 5.73754e-05
39, -7534.34, -796.352, 0.998371
39, -7534.34, -796.352, 2.59166e-06
39, -7534.34, -796.352, 8.68995e-06
39, -7534.34, -796.352, 0.00156054
39, -7534.34, -796.352, 5.73754e-05
39, -7472.97, -976.479, 0.998371
39, -7472.97, -976.479, 2.59166e-06
39, -7472.97, -976.479, 8.68995e-06
39, -7472.97, -976.479, 0.00156054
39, -7472.97, -976.479, 5.73754e-05
39, -7093.7, -1181.74, 0.998371
39, -7093.7, -1181.74, 2.59166e-06
39, -7093.7, -1181.74, 8.68995e-06
39, -7093.7, -1181.74, 0.00156054
39, -7093.7, -1181.74, 5.73754e-05
39, -7273.78, -1278.13, 0.998371
39, -7273.78, -1278.13, 2.59385e-06
39, -7273.78, -1278.13, 8.69407e-06
39, -7273.78, -1278.13, 0.00156066
39, -7273.78, -1278.13, 5.73755e-05
39, -7135.95, -1399.65, 0.998371
39, -7135.95, -1399.65, 2.59511e-06
39, -7135.95, -1399.65, 8.69645e-06
39, -7135.95, -1399.65, 0.00156073
39, -7135.95, -1399.65, 5.73755e-05
39, -6793.2, -521.923, 0.998363
39, -6793.2, -521.923, 2.59852e-06
39, -6793.2, -521.923, 8.70293e-06
39, -6793.2, -521.923, 0.00156797
39, -6793.2, -521.923, 5.73756e-05
39, -5411.99, -1614.77, 0.997019
39, -5411.99, -1614.77, 9.65994e-06
39, -5411.99, -1614.77, 3.31312e-05
39, -5411.99, -1614.77, 0.00281073
39, -5411.99, -1614.77, 0.000127737
39, -5308.16, -1779.02, 0.997019
39, -5308.16, -1779.02, 9.66929e-06
39, -5308.16, -1779.02, 3.31488e-05
39, -5308.16, -1779.02, 0.00281074
39, -5308.16, -1779.02, 0.000127737
39, -5607.6, -2106.37, 0.997019
39, -5607.6, -2106.37, 9.66929e-06
39, -5607.6, -2106.37, 3.31488e-05
39, -5607.6, -2106.37, 0.00281074
39, -5607.6, -2106.37, 0.000127737
39, -5895.48, -2139.22, 0.997019
39, -5895.48, -2139.22, 9.66929e-06
39, -5895.48, -2139.22, 3.31488e-05
39, -5895.48, -2139.22, 0.00281074
39, -5895.48, -2139.22, 0.000127737
39, -5732.14, -2620.86, 0.997019
39, -5732.14, -2620.86, 9.66929e-06
39, -5732.14, -2620.86, 3.31488e-05
39, -5732.14, -2620.86, 0.00281074
39, -5732.14, -2620.86, 0.000127737
39, -6204.79, -2772.09, 0.997019
39, -6204.79, -2772.09, 9.66929e-06
39, -6204.79, -2772.09, 3.31488e-05
39, -6204.79, -2772.09, 0.00281074
39, -6204.79, -2772.09, 0.000127737
39, -6333.98, -2589.21, 0.997019
39, -6333.98, -2589.21, 9.66929e-06
39, -6333.98, -2589.21, 3.31488e-05
39, -6333.98, -2589.21, 0.00281074
39, -6333.98, -2589.21, 0.000127737
39, -7209.35, -2610.73, 0.997019
39, -7209.35, -2610.73, 9.66929e-06
39, -7209.35, -2610.73, 3.31488e-05
39, -7209.35, -2610.73, 0.00281074
39, -7209.35, -2610.73, 0.000127737
39, -7977.28, -2292.93, 0.997019
39, -7977.28, -2292.93, 9.67045e-06
39, -7977.28, -2292.93, 3.3151e-05
39, -7977.28, -2292.93, 0.00281056
39, -7977.28, -2292.93, 0.000127737
39, -7040.36, -1739.09, 0.99702
39, -7040.36, -1739.09, 9.6625e-06
39, -7040.36, -1739.09, 3.3136e-05
39, -7040.36, -1739.09, 0.00280959
39, -7040.36, -1739.09, 0.000127737
39, -7760.68, -2124.63, 0.99702
39, -7760.68, -2124.63, 9.66552e-06
39, -7760.68, -2124.63, 3.31417e-05
39, -7760.68, -2124.63, 0.00280984
39, -7760.68, -2124.63, 0.000127737
39, -6771.66, -2599.97, 0.997019
39, -6771.66, -2599.97, 9.66929e-06
39, -6771.66, -2599.97, 3.31488e-05
39, -6771.66, -2599.97, 0.00281074
39, -6771.66, -2599.97, 0.000127737
39, -6210.84, -1940.61, 0.997019
39, -6210.84, -1940.61, 9.66929e-06
39, -6210.84, -1940.61, 3.31488e-05
39, -6210.84, -1940.61, 0.00281074
39, -6210.84, -1940.61, 0.000127737
39, -6648.52, -1951.37, 0.997019
39, -6648.52, -1951.37, 9.66929e-06
39, -6648.52, -1951.37, 3.31488e-05
39, -6648.52, -1951.37, 0.00281074
39, -6648.52, -1951.37, 0.000127737
39, -7809.92, -2620.12, 0.997019
39, -7809.92, -2620.12, 9.66667e-06
39, -7809.92, -2620.12, 3.31438e-05
39, -7809.92, -2620.12, 0.00281087
39, -7809.92, -2620.12, 0.000127737
39, -7400.52, -1931.86, 0.99702
39, -7400.52, -1931.86, 9.66459e-06
39, -7400.52, -1931.86, 3.31399e-05
39, -7400.52, -1931.86, 0.00280962
39, -7400.52, -1931.86, 0.000127737
39, -5360.07, -1696.89, 0.997019
39, -5360.07, -1696.89, 9.66927e-06
39, -5360.07, -1696.89, 3.31488e-05
39, -5360.07, -1696.89, 0.00281074
39, -5360.07, -1696.89, 0.000127737
39, -5457.88, -1942.69, 0.997019
39, -5457.88, -1942.69, 9.66929e-06
39, -5457.88, -1942.69, 3.31488e-05
39, -5457.88, -1942.69, 0.00281074
39, -5457.88, -1942.69, 0.000127737
39, -5751.54, -2122.79, 0.997019
39, -5751.54, -2122.79, 9.66929e-06
39, -5751.54, -2122.79, 3.31488e-05
39, -5751.54, -2122.79, 0.00281074
39, -5751.54, -2122.79, 0.000127737
39, -5813.81, -2380.04, 0.997019
39, -5813.81, -2380.04, 9.66929e-06
39, -5813.81, -2380.04, 3.31488e-05
39, -5813.81, -2380.04, 0.00281074
39, -5813.81, -2380.04, 0.000127737
39, -5968.46, -2696.47, 0.997019
39, -5968.46, -2696.47, 9.66929e-06
39, -5968.46, -2696.47, 3.31488e-05
39, -5968.46, -2696.47, 0.00281074
39, -5968.46, -2696.47, 0.000127737
39, -6269.38, -2680.65, 0.997019
39, -6269.38, -2680.65, 9.66929e-06
39, -6269.38, -2680.65, 3.31488e-05
39, -6269.38, -2680.65, 0.00281074
39, -6269.38, -2680.65, 0.000127737
39, -7425.95, -2779.02, 0.997019
39, -7425.95, -2779.02, 9.667e-06
39, -7425.95, -2779.02, 3.31445e-05
39, -7425.95, -2779.02, 0.00281085
39, -7425.95, -2779.02, 0.000127737
39, -6114.73, -2364.21, 0.997019
39, -6114.73, -2364.21, 9.66929e-06
39, -6114.73, -2364.21, 3.31488e-05
39, -6114.73, -2364.21, 0.00281074
39, -6114.73, -2364.21, 0.000127737
39, -5653.73, -1877, 0.997019
39, -5653.73, -1877, 9.66929e-06
39, -5653.73, -1877, 3.31488e-05
39, -5653.73, -1877, 0.00281074
39, -5653.73, -1877, 0.000127737
39, -5509.79, -1860.57, 0.997019
39, -5509.79, -1860.57, 9.66929e-06
39, -5509.79, -1860.57, 3.31488e-05
39, -5509.79, -1860.57, 0.00281074
39, -5509.79, -1860.57, 0.000127737
39, -6033.06, -2605.04, 0.997019
39, -6033.06, -2605.04, 9.66929e-06
39, -6033.06, -2605.04, 3.31488e-05
39, -6033.06, -2605.04, 0.00281074
39, -6033.06, -2605.04, 0.000127737
39, -5991.59, -1715.62, 0.997019
39, -5991.59, -1715.62, 9.66928e-06
39, -5991.59, -1715.62, 3.31488e-05
39, -5991.59, -1715.62, 0.00281074
39, -5991.59, -1715.62, 0.000127737
39, -7124.85, -2174.91, 0.997019
39, -7124.85, -2174.91, 9.66929e-06
39, -7124.85, -2174.91, 3.31488e-05
39, -7124.85, -2174.91, 0.00281074
39, -7124.85, -2174.91, 0.000127737
39, -7485.01, -2367.68, 0.997019
39, -7485.01, -2367.68, 9.66929e-06
39, -7485.01, -2367.68, 3.31488e-05
39, -7485.01, -2367.68, 0.00281074
39, -7485.01, -2367.68, 0.000127737
39, -7868.98, -2208.78, 0.99702
39, -7868.98, -2208.78, 9.66413e-06
39, -7868.98, -2208.78, 3.3139e-05
39, -7868.98, -2208.78, 0.00280951
39, -7868.98, -2208.78, 0.000127737
39, -6552.82, -2594.59, 0.997019
39, -6552.82, -2594.59, 9.66929e-06
39, -6552.82, -2594.59, 3.31488e-05
39, -6552.82, -2594.59, 0.00281074
39, -6552.82, -2594.59, 0.000127737
39, -6990.5, -2605.35, 0.997019
39, -6990.5, -2605.35, 9.66929e-06
39, -6990.5, -2605.35, 3.31488e-05
39, -6990.5, -2605.35, 0.00281074
39, -6990.5, -2605.35, 0.000127737
39, -6272.41, -2264.91, 0.997019
39, -6272.41, -2264.91, 9.66929e-06
39, -6272.41, -2264.91, 3.31488e-05
39, -6272.41, -2264.91, 0.00281074
39, -6272.41, -2264.91, 0.000127737
39, -6149.27, -1616.31, 0.997019
39, -6149.27, -1616.31, 9.66873e-06
39, -6149.27, -1616.31, 3.31477e-05
39, -6149.27, -1616.31, 0.00281074
39, -6149.27, -1616.31, 0.000127737
39, -6928.93, -2281.05, 0.997019
39, -6928.93, -2281.05, 9.66929e-06
39, -6928.93, -2281.05, 3.31488e-05
39, -6928.93, -2281.05, 0.00281074
39, -6928.93, -2281.05, 0.000127737
39, -6368.11, -1621.69, 0.997019
39, -6368.11, -1621.69, 9.66092e-06
39, -6368.11, -1621.69, 3.3133e-05
39, -6368.11, -1621.69, 0.00281073
39, -6368.11, -1621.69, 0.000127737
39, -6710.09, -2275.67, 0.997019
39, -6710.09, -2275.67, 9.66929e-06
39, -6710.09, -2275.67, 3.31488e-05
39, -6710.09, -2275.67, 0.00281074
39, -6710.09, -2275.67, 0.000127737
39, -6491.25, -2270.29, 0.997019
39, -6491.25, -2270.29, 9.66929e-06
39, -6491.25, -2270.29, 3.31488e-05
39, -6491.25, -2270.29, 0.00281074
39, -6491.25, -2270.29, 0.000127737
39, -6429.68, -1945.99, 0.997019
39, -6429.68, -1945.99, 9.66929e-06
39, -6429.68, -1945.99, 3.31488e-05
39, -6429.68, -1945.99, 0.00281074
39, -6429.68, -1945.99, 0.000127737
39, -6053.16, -2039.92, 0.997019
39, -6053.16, -2039.92, 9.66929e-06
39, -6053.16, -2039.92, 3.31488e-05
39, -6053.16, -2039.92, 0.00281074
39, -6053.16, -2039.92, 0.000127737
39, -6844.44, -1845.23, 0.997019
39, -6844.44, -1845.23, 9.66928e-06
39, -6844.44, -1845.23, 3.31488e-05
39, -6844.44, -1845.23, 0.00281074
39, -6844.44, -1845.23, 0.000127737
39, -7726.23, -2783.72, 0.997018
39, -7726.23, -2783.72, 9.6628e-06
39, -7726.23, -2783.72, 3.31366e-05
39, -7726.23, -2783.72, 0.00281106
39, -7726.23, -2783.72, 0.000127737
39, -7893.6, -2456.52, 0.997018
39, -7893.6, -2456.52, 9.67038e-06
39, -7893.6, -2456.52, 3.31508e-05
39, -7893.6, -2456.52, 0.00281123
39, -7893.6, -2456.52, 0.000127737
39, -7220.44, -1835.47, 0.99702
39, -7220.44, -1835.47, 9.66492e-06
39, -7220.44, -1835.47, 3.31405e-05
39, -7220.44, -1835.47, 0.00280983
39, -7220.44, -1835.47, 0.000127737
39, -7580.6, -2028.25, 0.99702
39, -7580.6, -2028.25, 9.66565e-06
39, -7580.6, -2028.25, 3.31419e-05
39, -7580.6, -2028.25, 0.00280987
39, -7580.6, -2028.25, 0.000127737
39, -6802.19, -1627.32, 0.99702
39, -6802.19, -1627.32, 9.65869e-06
39, -6802.19, -1627.32, 3.31288e-05
39, -6802.19, -1627.32, 0.00281002
39, -6802.19, -1627.32, 0.000127737
39, -7304.93, -2271.29, 0.997019
39, -7304.93, -2271.29, 9.66929e-06
39, -7304.93, -2271.29, 3.31488e-05
39, -7304.93, -2271.29, 0.00281074
39, -7304.93, -2271.29, 0.000127737
39, -6606.28, -1733.46, 0.997019
39, -6606.28, -1733.46, 9.66481e-06
39, -6606.28, -1733.46, 3.31403e-05
39, -6606.28, -1733.46, 0.00281073
39, -6606.28, -1733.46, 0.000127737
39, -7785.3, -2372.38, 0.997019
39, -7785.3, -2372.38, 9.66929e-06
39, -7785.3, -2372.38, 3.31488e-05
39, -7785.3, -2372.38, 0.00281074
39, -7785.3, -2372.38, 0.000127737
39, -7509.63, -2615.43, 0.997019
39, -7509.63, -2615.43, 9.66929e-06
39, -7509.63, -2615.43, 3.31488e-05
39, -7509.63, -2615.43, 0.00281074
39, -7509.63, -2615.43, 0.000127737
39, -5701.79, -1665.19, 0.997019
39, -5701.79, -1665.19, 9.6665e-06
39, -5701.79, -1665.19, 3.31435e-05
39, -5701.79, -1665.19, 0.00281074
39, -5701.79, -1665.19, 0.000127737
39, -5870.72, -1584.5, 0.997019
39, -5870.72, -1584.5, 9.65944e-06
39, -5870.72, -1584.5, 3.31302e-05
39, -5870.72, -1584.5, 0.00281073
39, -5870.72, -1584.5, 0.000127737
39, -5822.66, -1796.31, 0.997019
39, -5822.66, -1796.31, 9.66929e-06
39, -5822.66, -1796.31, 3.31488e-05
39, -5822.66, -1796.31, 0.00281074
39, -5822.66, -1796.31, 0.000127737
39, -5774.61, -2008.11, 0.997019
39, -5774.61, -2008.11, 9.66929e-06
39, -5774.61, -2008.11, 3.31488e-05
39, -5774.61, -2008.11, 0.00281074
39, -5774.61, -2008.11, 0.000127737
39, -5943.54, -1927.42, 0.997019
39, -5943.54, -1927.42, 9.66929e-06
39, -5943.54, -1927.42, 3.31488e-05
39, -5943.54, -1927.42, 0.00281074
39, -5943.54, -1927.42, 0.000127737
39, -5580.91, -1534.08, 0.997019
39, -5580.91, -1534.08, 9.62475e-06
39, -5580.91, -1534.08, 3.30646e-05
39, -5580.91, -1534.08, 0.00281072
39, -5580.91, -1534.08, 0.000127736
39, -5532.86, -1745.88, 0.997019
39, -5532.86, -1745.88, 9.66927e-06
39, -5532.86, -1745.88, 3.31488e-05
39, -5532.86, -1745.88, 0.00281074
39, -5532.86, -1745.88, 0.000127737
39, -6039.64, -1503.81, 0.997019
39, -6039.64, -1503.81, 9.65024e-06
39, -6039.64, -1503.81, 3.31128e-05
39, -6039.64, -1503.81, 0.00281073
39, -6039.64, -1503.81, 0.000127736
39, -8312, -1638.53, 0.998207
39, -8312, -1638.53, 5.28292e-06
39, -8312, -1638.53, 1.73836e-05
39, -8312, -1638.53, 0.00172715
39, -8312, -1638.53, 4.28444e-05
39, -9475.18, -1953.82, 0.998207
39, -9475.18, -1953.82, 5.28457e-06
39, -9475.18, -1953.82, 1.73867e-05
39, -9475.18, -1953.82, 0.00172714
39, -9475.18, -1953.82, 4.28444e-05
39, -8893.59, -1796.17, 0.998207
39, -8893.59, -1796.17, 5.28292e-06
39, -8893.59, -1796.17, 1.73836e-05
39, -8893.59, -1796.17, 0.00172715
39, -8893.59, -1796.17, 4.28444e-05
39, -9291.51, -2198.71, 0.998207
39, -9291.51, -2198.71, 5.29068e-06
39, -9291.51, -2198.71, 1.73982e-05
39, -9291.51, -2198.71, 0.00172709
39, -9291.51, -2198.71, 4.28446e-05
39, -8709.92, -2041.07, 0.998207
39, -8709.92, -2041.07, 5.28292e-06
39, -8709.92, -2041.07, 1.73836e-05
39, -8709.92, -2041.07, 0.00172715
39, -8709.92, -2041.07, 4.28444e-05
39, -8542.56, -2368.27, 0.998203
39, -8542.56, -2368.27, 5.30878e-06
39, -8542.56, -2368.27, 1.74324e-05
39, -8542.56, -2368.27, 0.0017315
39, -8542.56, -2368.27, 4.28451e-05
39, -8144.64, -1965.73, 0.998207
39, -8144.64, -1965.73, 5.28293e-06
39, -8144.64, -1965.73, 1.73836e-05
39, -8144.64, -1965.73, 0.00172715
39, -8144.64, -1965.73, 4.28444e-05
39, -8964.96, -1474.96, 0.998207
39, -8964.96, -1474.96, 5.28292e-06
39, -8964.96, -1474.96, 1.73836e-05
39, -8964.96, -1474.96, 0.00172715
39, -8964.96, -1474.96, 4.28444e-05
39, -7951.85, -1445.76, 0.998207
39, -7951.85, -1445.76, 5.28031e-06
39, -7951.85, -1445.76, 1.73786e-05
39, -7951.85, -1445.76, 0.00172701
39, -7951.85, -1445.76, 4.28443e-05
39, -7316.02, -1496.04, 0.998208
39, -7316.02, -1496.04, 5.27528e-06
39, -7316.02, -1496.04, 1.73692e-05
39, -7316.02, -1496.04, 0.00172673
39, -7316.02, -1496.04, 4.28442e-05
39, -8036.34, -1881.58, 0.998207
39, -8036.34, -1881.58, 5.28292e-06
39, -8036.34, -1881.58, 1.73836e-05
39, -8036.34, -1881.58, 0.00172715
39, -8036.34, -1881.58, 4.28444e-05
39, -7676.18, -1688.81, 0.998207
39, -7676.18, -1688.81, 5.28292e-06
39, -7676.18, -1688.81, 1.73836e-05
39, -7676.18, -1688.81, 0.00172715
39, -7676.18, -1688.81, 4.28444e-05
39, -9510.87, -1793.21, 0.998208
39, -9510.87, -1793.21, 5.29002e-06
39, -9510.87, -1793.21, 1.73969e-05
39, -9510.87, -1793.21, 0.00172691
39, -9510.87, -1793.21, 4.28446e-05
39, -9184.39, -1874.99, 0.998207
39, -9184.39, -1874.99, 5.28292e-06
39, -9184.39, -1874.99, 1.73836e-05
39, -9184.39, -1874.99, 0.00172715
39, -9184.39, -1874.99, 4.28444e-05
39, -8602.8, -1717.35, 0.998207
39, -8602.8, -1717.35, 5.28292e-06
39, -8602.8, -1717.35, 1.73836e-05
39, -8602.8, -1717.35, 0.00172715
39, -8602.8, -1717.35, 4.28444e-05
39, -9383.35, -2076.26, 0.998207
39, -9383.35, -2076.26, 5.2843e-06
39, -9383.35, -2076.26, 1.73862e-05
39, -9383.35, -2076.26, 0.00172714
39, -9383.35, -2076.26, 4.28444e-05
39, -8510.96, -1839.8, 0.998207
39, -8510.96, -1839.8, 5.28292e-06
39, -8510.96, -1839.8, 1.73836e-05
39, -8510.96, -1839.8, 0.00172715
39, -8510.96, -1839.8, 4.28444e-05
39, -8908.88, -2242.34, 0.998207
39, -8908.88, -2242.34, 5.28437e-06
39, -8908.88, -2242.34, 1.73863e-05
39, -8908.88, -2242.34, 0.00172714
39, -8908.88, -2242.34, 4.28444e-05
39, -8825.2, -2405.94, 0.998204
39, -8825.2, -2405.94, 5.31392e-06
39, -8825.2, -2405.94, 1.74421e-05
39, -8825.2, -2405.94, 0.00173046
39, -8825.2, -2405.94, 4.28452e-05
39, -8060.96, -2129.33, 0.998204
39, -8060.96, -2129.33, 5.29547e-06
39, -8060.96, -2129.33, 1.74073e-05
39, -8060.96, -2129.33, 0.00172982
39, -8060.96, -2129.33, 4.28447e-05
39, -8228.32, -1802.13, 0.998207
39, -8228.32, -1802.13, 5.28292e-06
39, -8228.32, -1802.13, 1.73836e-05
39, -8228.32, -1802.13, 0.00172715
39, -8228.32, -1802.13, 4.28444e-05
39, -9291.44, -1393.17, 0.998208
39, -9291.44, -1393.17, 5.29081e-06
39, -9291.44, -1393.17, 1.73984e-05
39, -9291.44, -1393.17, 0.00172684
39, -9291.44, -1393.17, 4.28446e-05
39, -8638.48, -1556.75, 0.998207
39, -8638.48, -1556.75, 5.28292e-06
39, -8638.48, -1556.75, 1.73836e-05
39, -8638.48, -1556.75, 0.00172715
39, -8638.48, -1556.75, 4.28444e-05
39, -8373.37, -1458.41, 0.998208
39, -8373.37, -1458.41, 5.2882e-06
39, -8373.37, -1458.41, 1.73935e-05
39, -8373.37, -1458.41, 0.00172695
39, -8373.37, -1458.41, 4.28445e-05
39, -7771.77, -1349.38, 0.998208
39, -7771.77, -1349.38, 5.27791e-06
39, -7771.77, -1349.38, 1.73741e-05
39, -7771.77, -1349.38, 0.00172687
39, -7771.77, -1349.38, 4.28443e-05
39, -8131.93, -1542.15, 0.998207
39, -8131.93, -1542.15, 5.28292e-06
39, -8131.93, -1542.15, 1.73836e-05
39, -8131.93, -1542.15, 0.00172715
39, -8131.93, -1542.15, 4.28444e-05
39, -7898.51, -2003.11, 0.998206
39, -7898.51, -2003.11, 5.28789e-06
39, -7898.51, -2003.11, 1.73929e-05
39, -7898.51, -2003.11, 0.00172833
39, -7898.51, -2003.11, 4.28445e-05
39, -8174.17, -1760.06, 0.998207
39, -8174.17, -1760.06, 5.28292e-06
39, -8174.17, -1760.06, 1.73836e-05
39, -8174.17, -1760.06, 0.00172715
39, -8174.17, -1760.06, 4.28444e-05
39, -7718.43, -1906.72, 0.998206
39, -7718.43, -1906.72, 5.28865e-06
39, -7718.43, -1906.72, 1.73944e-05
39, -7718.43, -1906.72, 0.00172851
39, -7718.43, -1906.72, 4.28445e-05
39, -7633.94, -1470.9, 0.998208
39, -7633.94, -1470.9, 5.28008e-06
39, -7633.94, -1470.9, 1.73782e-05
39, -7633.94, -1470.9, 0.00172699
39, -7633.94, -1470.9, 4.28443e-05
39, -8801.76, -1918.62, 0.998207
39, -8801.76, -1918.62, 5.28292e-06
39, -8801.76, -1918.62, 1.73836e-05
39, -8801.76, -1918.62, 0.00172715
39, -8801.76, -1918.62, 4.28444e-05
39, -9092.55, -1997.44, 0.998207
39, -9092.55, -1997.44, 5.28292e-06
39, -9092.55, -1997.44, 1.73836e-05
39, -9092.55, -1997.44, 0.00172715
39, -9092.55, -1997.44, 4.28444e-05
39, -9000.71, -2119.89, 0.998207
39, -9000.71, -2119.89, 5.28437e-06
39, -9000.71, -2119.89, 1.73863e-05
39, -9000.71, -2119.89, 0.00172714
39, -9000.71, -2119.89, 4.28444e-05
39, -8427.28, -2003.4, 0.998207
39, -8427.28, -2003.4, 5.28293e-06
39, -8427.28, -2003.4, 1.73836e-05
39, -8427.28, -2003.4, 0.00172715
39, -8427.28, -2003.4, 4.28444e-05
39, -8626.24, -2204.67, 0.998207
39, -8626.24, -2204.67, 5.28294e-06
39, -8626.24, -2204.67, 1.73836e-05
39, -8626.24, -2204.67, 0.00172715
39, -8626.24, -2204.67, 4.28444e-05
39, -8343.6, -2167, 0.998202
39, -8343.6, -2167, 5.30709e-06
39, -8343.6, -2167, 1.74292e-05
39, -8343.6, -2167, 0.00173177
39, -8343.6, -2167, 4.2845e-05
39, -8929.28, -1635.57, 0.998207
39, -8929.28, -1635.57, 5.28292e-06
39, -8929.28, -1635.57, 1.73836e-05
39, -8929.28, -1635.57, 0.00172715
39, -8929.28, -1635.57, 4.28444e-05
39, -9255.75, -1553.78, 0.998207
39, -9255.75, -1553.78, 5.28517e-06
39, -9255.75, -1553.78, 1.73878e-05
39, -9255.75, -1553.78, 0.00172706
39, -9255.75, -1553.78, 4.28445e-05
39, -9220.07, -1714.39, 0.998207
39, -9220.07, -1714.39, 5.28311e-06
39, -9220.07, -1714.39, 1.73839e-05
39, -9220.07, -1714.39, 0.00172714
39, -9220.07, -1714.39, 4.28444e-05
39, -8699.85, -1376.62, 0.998208
39, -8699.85, -1376.62, 5.29091e-06
39, -8699.85, -1376.62, 1.73986e-05
39, -8699.85, -1376.62, 0.00172684
39, -8699.85, -1376.62, 4.28446e-05
39, -9026.32, -1294.83, 0.998208
39, -9026.32, -1294.83, 5.29101e-06
39, -9026.32, -1294.83, 1.73988e-05
39, -9026.32, -1294.83, 0.00172684
39, -9026.32, -1294.83, 4.28446e-05
39, -8193.29, -1362.02, 0.998208
39, -8193.29, -1362.02, 5.2866e-06
39, -8193.29, -1362.02, 1.73905e-05
39, -8193.29, -1362.02, 0.00172681
39, -8193.29, -1362.02, 4.28445e-05
39, -7994.09, -1663.67, 0.998207
39, -7994.09, -1663.67, 5.28292e-06
39, -7994.09, -1663.67, 1.73836e-05
39, -7994.09, -1663.67, 0.00172715
39, -7994.09, -1663.67, 4.28444e-05
39, -7856.26, -1785.2, 0.998207
39, -7856.26, -1785.2, 5.28292e-06
39, -7856.26, -1785.2, 1.73836e-05
39, -7856.26, -1785.2, 0.00172715
39, -7856.26, -1785.2, 4.28444e-05
39, -7814.01, -1567.29, 0.998207
39, -7814.01, -1567.29, 5.28291e-06
39, -7814.01, -1567.29, 1.73836e-05
39, -7814.01, -1567.29, 0.00172715
39, -7814.01, -1567.29, 4.28444e-05
39, -7358.27, -1713.95, 0.998206
39, -7358.27, -1713.95, 5.28691e-06
39, -7358.27, -1713.95, 1.73911e-05
39, -7358.27, -1713.95, 0.00172841
39, -7358.27, -1713.95, 4.28445e-05
39, -7496.1, -1592.43, 0.998207
39, -7496.1, -1592.43, 5.28182e-06
39, -7496.1, -1592.43, 1.73815e-05
39, -7496.1, -1592.43, 0.00172709
39, -7496.1, -1592.43, 4.28444e-05
39, -7538.35, -1810.34, 0.998206
39, -7538.35, -1810.34, 5.28865e-06
39, -7538.35, -1810.34, 1.73944e-05
39, -7538.35, -1810.34, 0.00172851
39, -7538.35, -1810.34, 4.28445e-05
39, -8090.49, -1923.66, 0.998207
39, -8090.49, -1923.66, 5.28292e-06
39, -8090.49, -1923.66, 1.73836e-05
39, -8090.49, -1923.66, 0.00172715
39, -8090.49, -1923.66, 4.28444e-05
39, -7979.73, -2066.22, 0.998206
39, -7979.73, -2066.22, 5.28814e-06
39, -7979.73, -2066.22, 1.73934e-05
39, -7979.73, -2066.22, 0.00172839
39, -7979.73, -2066.22, 4.28445e-05
39, -11154.8, -3688.08, 0.997548
39, -11154.8, -3688.08, 5.81437e-06
39, -11154.8, -3688.08, 1.93047e-05
39, -11154.8, -3688.08, 0.00238283
39, -11154.8, -3688.08, 4.37708e-05
39, -11743.9, -3147.8, 0.997548
39, -11743.9, -3147.8, 5.81437e-06
39, -11743.9, -3147.8, 1.93047e-05
39, -11743.9, -3147.8, 0.00238283
39, -11743.9, -3147.8, 4.37708e-05
39, -10271, -2758.9, 0.99754
39, -10271, -2758.9, 5.84651e-06
39, -10271, -2758.9, 1.93654e-05
39, -10271, -2758.9, 0.00238541
39, -10271, -2758.9, 4.37717e-05
39, -11449.4, -3417.94, 0.997548
39, -11449.4, -3417.94, 5.81437e-06
39, -11449.4, -3417.94, 1.93047e-05
39, -11449.4, -3417.94, 0.00238283
39, -11449.4, -3417.94, 4.37708e-05
39, -10896.6, -2978.59, 0.997548
39, -10896.6, -2978.59, 5.81437e-06
39, -10896.6, -2978.59, 1.93047e-05
39, -10896.6, -2978.59, 0.00238283
39, -10896.6, -2978.59, 4.37708e-05
39, -11191.1, -2708.45, 0.997548
39, -11191.1, -2708.45, 5.81437e-06
39, -11191.1, -2708.45, 1.93047e-05
39, -11191.1, -2708.45, 0.00238283
39, -11191.1, -2708.45, 4.37708e-05
39, -10712.9, -3223.49, 0.997548
39, -10712.9, -3223.49, 5.81438e-06
39, -10712.9, -3223.49, 1.93047e-05
39, -10712.9, -3223.49, 0.00238283
39, -10712.9, -3223.49, 4.37708e-05
39, -10454.7, -2514, 0.997548
39, -10454.7, -2514, 5.81437e-06
39, -10454.7, -2514, 1.93047e-05
39, -10454.7, -2514, 0.00238283
39, -10454.7, -2514, 4.37708e-05
39, -10529.2, -3468.39, 0.997548
39, -10529.2, -3468.39, 5.81438e-06
39, -10529.2, -3468.39, 1.93047e-05
39, -10529.2, -3468.39, 0.00238283
39, -10529.2, -3468.39, 4.37708e-05
39, -10056.8, -2111.46, 0.99755
39, -10056.8, -2111.46, 5.81859e-06
39, -10056.8, -2111.46, 1.93126e-05
39, -10056.8, -2111.46, 0.00238122
39, -10056.8, -2111.46, 4.37709e-05
39, -10546.5, -2391.55, 0.997548
39, -10546.5, -2391.55, 5.81451e-06
39, -10546.5, -2391.55, 1.93048e-05
39, -10546.5, -2391.55, 0.00238284
39, -10546.5, -2391.55, 4.37708e-05
39, -9964.93, -2233.91, 0.997553
39, -9964.93, -2233.91, 5.827e-06
39, -9964.93, -2233.91, 1.93284e-05
39, -9964.93, -2233.91, 0.00237775
39, -9964.93, -2233.91, 4.37711e-05
39, -11302.1, -3553.01, 0.997548
39, -11302.1, -3553.01, 5.81437e-06
39, -11302.1, -3553.01, 1.93047e-05
39, -11302.1, -3553.01, 0.00238283
39, -11302.1, -3553.01, 4.37708e-05
39, -11596.6, -3282.87, 0.997548
39, -11596.6, -3282.87, 5.81437e-06
39, -11596.6, -3282.87, 1.93047e-05
39, -11596.6, -3282.87, 0.00238283
39, -11596.6, -3282.87, 4.37708e-05
39, -11025.7, -3333.33, 0.997548
39, -11025.7, -3333.33, 5.81437e-06
39, -11025.7, -3333.33, 1.93047e-05
39, -11025.7, -3333.33, 0.00238283
39, -11025.7, -3333.33, 4.37708e-05
39, -10767.5, -2623.84, 0.997548
39, -10767.5, -2623.84, 5.814e-06
39, -10767.5, -2623.84, 1.9304e-05
39, -10767.5, -2623.84, 0.00238283
39, -10767.5, -2623.84, 4.37708e-05
39, -11467.5, -2928.13, 0.997548
39, -11467.5, -2928.13, 5.81437e-06
39, -11467.5, -2928.13, 1.93047e-05
39, -11467.5, -2928.13, 0.00238283
39, -11467.5, -2928.13, 4.37708e-05
39, -10914.7, -2488.77, 0.997548
39, -10914.7, -2488.77, 5.81522e-06
39, -10914.7, -2488.77, 1.93063e-05
39, -10914.7, -2488.77, 0.00238285
39, -10914.7, -2488.77, 4.37708e-05
39, -10492, -2991.19, 0.997547
39, -10492, -2991.19, 5.8176e-06
39, -10492, -2991.19, 1.93107e-05
39, -10492, -2991.19, 0.00238309
39, -10492, -2991.19, 4.37709e-05
39, -10933.9, -3455.78, 0.997548
39, -10933.9, -3455.78, 5.81437e-06
39, -10933.9, -3455.78, 1.93047e-05
39, -10933.9, -3455.78, 0.00238283
39, -10933.9, -3455.78, 4.37708e-05
39, -10362.8, -2636.45, 0.997548
39, -10362.8, -2636.45, 5.8144e-06
39, -10362.8, -2636.45, 1.93047e-05
39, -10362.8, -2636.45, 0.00238284
39, -10362.8, -2636.45, 4.37708e-05
39, -10216.5, -3358.54, 0.997546
39, -10216.5, -3358.54, 5.82379e-06
39, -10216.5, -3358.54, 1.93225e-05
39, -10216.5, -3358.54, 0.00238359
39, -10216.5, -3358.54, 4.37711e-05
39, -10842, -3578.23, 0.997548
39, -10842, -3578.23, 5.81437e-06
39, -10842, -3578.23, 1.93047e-05
39, -10842, -3578.23, 0.00238283
39, -10842, -3578.23, 4.37708e-05
39, -11320.2, -3063.2, 0.997548
39, -11320.2, -3063.2, 5.81437e-06
39, -11320.2, -3063.2, 1.93047e-05
39, -11320.2, -3063.2, 0.00238283
39, -11320.2, -3063.2, 4.37708e-05
39, -11173, -3198.26, 0.997548
39, -11173, -3198.26, 5.81437e-06
39, -11173, -3198.26, 1.93047e-05
39, -11173, -3198.26, 0.00238283
39, -11173, -3198.26, 4.37708e-05
39, -11043.9, -2843.52, 0.997548
39, -11043.9, -2843.52, 5.81437e-06
39, -11043.9, -2843.52, 1.93047e-05
39, -11043.9, -2843.52, 0.00238283
39, -11043.9, -2843.52, 4.37708e-05
39, -10804.8, -3101.04, 0.997548
39, -10804.8, -3101.04, 5.81437e-06
39, -10804.8, -3101.04, 1.93047e-05
39, -10804.8, -3101.04, 0.00238283
39, -10804.8, -3101.04, 4.37708e-05
39, -10583.8, -2868.74, 0.997548
39, -10583.8, -2868.74, 5.81438e-06
39, -10583.8, -2868.74, 1.93047e-05
39, -10583.8, -2868.74, 0.00238283
39, -10583.8, -2868.74, 4.37708e-05
39, -10675.6, -2746.29, 0.997548
39, -10675.6, -2746.29, 5.81437e-06
39, -10675.6, -2746.29, 1.93047e-05
39, -10675.6, -2746.29, 0.00238283
39, -10675.6, -2746.29, 4.37708e-05
39, -10621.1, -3345.94, 0.997548
39, -10621.1, -3345.94, 5.81438e-06
39, -10621.1, -3345.94, 1.93047e-05
39, -10621.1, -3345.94, 0.00238283
39, -10621.1, -3345.94, 4.37708e-05
39, -10308.3, -3236.09, 0.997546
39, -10308.3, -3236.09, 5.82143e-06
39, -10308.3, -3236.09, 1.9318e-05
39, -10308.3, -3236.09, 0.0023834
39, -10308.3, -3236.09, 4.3771e-05
39, -10400.1, -3113.64, 0.997546
39, -10400.1, -3113.64, 5.82142e-06
39, -10400.1, -3113.64, 1.9318e-05
39, -10400.1, -3113.64, 0.0023834
39, -10400.1, -3113.64, 4.3771e-05
39, -10347.6, -2190.28, 0.997548
39, -10347.6, -2190.28, 5.82396e-06
39, -10347.6, -2190.28, 1.93227e-05
39, -10347.6, -2190.28, 0.00238301
39, -10347.6, -2190.28, 4.37711e-05
39, -10592.4, -2330.32, 0.997548
39, -10592.4, -2330.32, 5.84235e-06
39, -10592.4, -2330.32, 1.93575e-05
39, -10592.4, -2330.32, 0.00238334
39, -10592.4, -2330.32, 4.37716e-05
39, -10500.6, -2452.77, 0.997548
39, -10500.6, -2452.77, 5.81437e-06
39, -10500.6, -2452.77, 1.93047e-05
39, -10500.6, -2452.77, 0.00238283
39, -10500.6, -2452.77, 4.37708e-05
39, -10209.8, -2373.95, 0.997549
39, -10209.8, -2373.95, 5.8157e-06
39, -10209.8, -2373.95, 1.93071e-05
39, -10209.8, -2373.95, 0.0023823
39, -10209.8, -2373.95, 4.37709e-05
39, -10072.1, -2557.63, 0.99754
39, -10072.1, -2557.63, 5.84749e-06
39, -10072.1, -2557.63, 1.93673e-05
39, -10072.1, -2557.63, 0.00238516
39, -10072.1, -2557.63, 4.37717e-05
39, -10010.9, -2172.68, 0.997549
39, -10010.9, -2172.68, 5.81555e-06
39, -10010.9, -2172.68, 1.93068e-05
39, -10010.9, -2172.68, 0.00238236
39, -10010.9, -2172.68, 4.37708e-05
39, -10301.6, -2251.5, 0.997548
39, -10301.6, -2251.5, 5.81441e-06
39, -10301.6, -2251.5, 1.93047e-05
39, -10301.6, -2251.5, 0.00238283
39, -10301.6, -2251.5, 4.37708e-05
39, -10255.7, -2312.73, 0.997548
39, -10255.7, -2312.73, 5.81438e-06
39, -10255.7, -2312.73, 1.93047e-05
39, -10255.7, -2312.73, 0.00238283
39, -10255.7, -2312.73, 4.37708e-05
39, -10721.6, -2685.07, 0.997548
39, -10721.6, -2685.07, 5.81436e-06
39, -10721.6, -2685.07, 1.93046e-05
39, -10721.6, -2685.07, 0.00238283
39, -10721.6, -2685.07, 4.37708e-05
39, -10140.9, -2465.79, 0.997548
39, -10140.9, -2465.79, 5.81446e-06
39, -10140.9, -2465.79, 1.93048e-05
39, -10140.9, -2465.79, 0.00238282
39, -10140.9, -2465.79, 4.37708e-05
39, -9107.83, -2443.61, 0.998219
39, -9107.83, -2443.61, 7.49205e-06
39, -9107.83, -2443.61, 2.41535e-05
39, -9107.83, -2443.61, 0.00172269
39, -9107.83, -2443.61, 2.65257e-05
39, -9689.42, -2601.25, 0.99821
39, -9689.42, -2601.25, 7.51439e-06
39, -9689.42, -2601.25, 2.41959e-05
39, -9689.42, -2601.25, 0.00172634
39, -9689.42, -2601.25, 2.65263e-05
39, -9873.1, -2356.36, 0.99822
39, -9873.1, -2356.36, 7.48547e-06
39, -9873.1, -2356.36, 2.41411e-05
39, -9873.1, -2356.36, 0.00172193
39, -9873.1, -2356.36, 2.65255e-05
39, -9765.98, -2032.64, 0.99822
39, -9765.98, -2032.64, 7.48481e-06
39, -9765.98, -2032.64, 2.41399e-05
39, -9765.98, -2032.64, 0.00172201
39, -9765.98, -2032.64, 2.65255e-05
39, -9801.66, -1872.03, 0.99822
39, -9801.66, -1872.03, 7.4824e-06
39, -9801.66, -1872.03, 2.41353e-05
39, -9801.66, -1872.03, 0.00172163
39, -9801.66, -1872.03, 2.65254e-05
39, -9720.06, -2093.86, 0.99822
39, -9720.06, -2093.86, 7.4848e-06
39, -9720.06, -2093.86, 2.41399e-05
39, -9720.06, -2093.86, 0.00172176
39, -9720.06, -2093.86, 2.65255e-05
39, -9199.67, -2321.16, 0.99822
39, -9199.67, -2321.16, 7.48105e-06
39, -9199.67, -2321.16, 2.41328e-05
39, -9199.67, -2321.16, 0.00172162
39, -9199.67, -2321.16, 2.65254e-05
39, -9398.63, -2522.43, 0.998225
39, -9398.63, -2522.43, 7.48228e-06
39, -9398.63, -2522.43, 2.41349e-05
39, -9398.63, -2522.43, 0.00172042
39, -9398.63, -2522.43, 2.65254e-05
39, -9674.14, -2155.09, 0.99822
39, -9674.14, -2155.09, 7.48524e-06
39, -9674.14, -2155.09, 2.41407e-05
39, -9674.14, -2155.09, 0.00172158
39, -9674.14, -2155.09, 2.65255e-05
39, -10092.5, -1950.85, 0.998219
39, -10092.5, -1950.85, 7.48194e-06
39, -10092.5, -1950.85, 2.41345e-05
39, -10092.5, -1950.85, 0.00172288
39, -10092.5, -1950.85, 2.65254e-05
39, -9781.26, -2478.8, 0.998218
39, -9781.26, -2478.8, 7.49114e-06
39, -9781.26, -2478.8, 2.41518e-05
39, -9781.26, -2478.8, 0.00172254
39, -9781.26, -2478.8, 2.65257e-05
39, -9490.47, -2399.98, 0.99822
39, -9490.47, -2399.98, 7.48555e-06
39, -9490.47, -2399.98, 2.41413e-05
39, -9490.47, -2399.98, 0.00172158
39, -9490.47, -2399.98, 2.65255e-05
39, -9582.3, -2277.53, 0.99822
39, -9582.3, -2277.53, 7.48525e-06
39, -9582.3, -2277.53, 2.41407e-05
39, -9582.3, -2277.53, 0.00172158
39, -9582.3, -2277.53, 2.65255e-05
39, -9919.02, -2295.13, 0.998217
39, -9919.02, -2295.13, 7.47715e-06
39, -9919.02, -2295.13, 2.41255e-05
39, -9919.02, -2295.13, 0.00172527
39, -9919.02, -2295.13, 2.65253e-05
39, -9352.71, -2583.66, 0.998208
39, -9352.71, -2583.66, 7.56271e-06
39, -9352.71, -2583.66, 2.42872e-05
39, -9352.71, -2583.66, 0.00173237
39, -9352.71, -2583.66, 2.65276e-05
39, -9903.66, -3248.69, 0.994838
39, -9903.66, -3248.69, 1.63992e-05
39, -9903.66, -3248.69, 5.62639e-05
39, -9903.66, -3248.69, 0.00333358
39, -9903.66, -3248.69, 0.00175569
39, -10087.3, -3003.79, 0.994839
39, -10087.3, -3003.79, 1.6396e-05
39, -10087.3, -3003.79, 5.62578e-05
39, -10087.3, -3003.79, 0.00333332
39, -10087.3, -3003.79, 0.00175569
39, -10179.2, -2881.34, 0.994843
39, -10179.2, -2881.34, 1.63797e-05
39, -10179.2, -2881.34, 5.62268e-05
39, -10179.2, -2881.34, 0.003332
39, -10179.2, -2881.34, 0.00175569
39, -9995.5, -3126.24, 0.994839
39, -9995.5, -3126.24, 1.63961e-05
39, -9995.5, -3126.24, 5.62579e-05
39, -9995.5, -3126.24, 0.00333333
39, -9995.5, -3126.24, 0.00175569
39, -9980.22, -2680.07, 0.994844
39, -9980.22, -2680.07, 1.63787e-05
39, -9980.22, -2680.07, 5.62248e-05
39, -9980.22, -2680.07, 0.00333156
39, -9980.22, -2680.07, 0.00175569
39, -9621.03, -3211.02, 0.994841
39, -9621.03, -3211.02, 1.63964e-05
39, -9621.03, -3211.02, 5.62585e-05
39, -9621.03, -3211.02, 0.00333274
39, -9621.03, -3211.02, 0.00175569
39, -9704.71, -3047.42, 0.994839
39, -9704.71, -3047.42, 1.63989e-05
39, -9704.71, -3047.42, 5.62633e-05
39, -9704.71, -3047.42, 0.00333333
39, -9704.71, -3047.42, 0.00175569
39, -9787.93, -3380.15, 0.99484
39, -9787.93, -3380.15, 1.63979e-05
39, -9787.93, -3380.15, 5.62612e-05
39, -9787.93, -3380.15, 0.00333355
39, -9787.93, -3380.15, 0.00175569
39, -9888.38, -2802.52, 0.994842
39, -9888.38, -2802.52, 1.63937e-05
39, -9888.38, -2802.52, 5.62533e-05
39, -9888.38, -2802.52, 0.00333227
39, -9888.38, -2802.52, 0.00175569
39, -9796.54, -2924.97, 0.994842
39, -9796.54, -2924.97, 1.63957e-05
39, -9796.54, -2924.97, 5.6257e-05
39, -9796.54, -2924.97, 0.00333255
39, -9796.54, -2924.97, 0.00175569
39, -9842.46, -2863.75, 0.99484
39, -9842.46, -2863.75, 1.63986e-05
39, -9842.46, -2863.75, 5.62626e-05
39, -9842.46, -2863.75, 0.00333324
39, -9842.46, -2863.75, 0.00175569
39, -9338.39, -3173.35, 0.99723
39, -9338.39, -3173.35, 1.36489e-05
39, -9338.39, -3173.35, 4.49934e-05
39, -9338.39, -3173.35, 0.00264155
39, -9338.39, -3173.35, 6.9354e-05
39, -9505.75, -2846.15, 0.997227
39, -9505.75, -2846.15, 1.36572e-05
39, -9505.75, -2846.15, 4.50091e-05
39, -9505.75, -2846.15, 0.00264288
39, -9505.75, -2846.15, 6.93542e-05
39, -9597.59, -2723.7, 0.997221
39, -9597.59, -2723.7, 1.36446e-05
39, -9597.59, -2723.7, 4.49856e-05
39, -9597.59, -2723.7, 0.00264229
39, -9597.59, -2723.7, 6.93539e-05
39, -9024.15, -2607.21, 0.997229
39, -9024.15, -2607.21, 1.36586e-05
39, -9024.15, -2607.21, 4.50119e-05
39, -9024.15, -2607.21, 0.00264258
39, -9024.15, -2607.21, 6.93543e-05
39, -9055.75, -3135.68, 0.997228
39, -9055.75, -3135.68, 1.36657e-05
39, -9055.75, -3135.68, 4.50251e-05
39, -9055.75, -3135.68, 0.00264348
39, -9055.75, -3135.68, 6.93545e-05
39, -9306.79, -2644.88, 0.997232
39, -9306.79, -2644.88, 1.36526e-05
39, -9306.79, -2644.88, 4.50004e-05
39, -9306.79, -2644.88, 0.00264137
39, -9306.79, -2644.88, 6.93541e-05
39, -9422.07, -3009.75, 0.997229
39, -9422.07, -3009.75, 1.36543e-05
39, -9422.07, -3009.75, 4.50036e-05
39, -9422.07, -3009.75, 0.00264224
39, -9422.07, -3009.75, 6.93542e-05
39, -9139.43, -2972.08, 0.997228
39, -9139.43, -2972.08, 1.36684e-05
39, -9139.43, -2972.08, 4.50302e-05
39, -9139.43, -2972.08, 0.0026438
39, -9139.43, -2972.08, 6.93545e-05
39, -9505.29, -3342.48, 0.997226
39, -9505.29, -3342.48, 1.36524e-05
39, -9505.29, -3342.48, 4.50001e-05
39, -9505.29, -3342.48, 0.00264325
39, -9505.29, -3342.48, 6.93541e-05
39, -9222.65, -3304.8, 0.99723
39, -9222.65, -3304.8, 1.36484e-05
39, -9222.65, -3304.8, 4.49926e-05
39, -9222.65, -3304.8, 0.00264235
39, -9222.65, -3304.8, 6.9354e-05
39, -8773.11, -3098.01, 0.995932
39, -8773.11, -3098.01, 2.3711e-05
39, -8773.11, -3098.01, 7.50189e-05
39, -8773.11, -3098.01, 0.00387163
39, -8773.11, -3098.01, 9.7767e-05
39, -8940.47, -2770.81, 0.995933
39, -8940.47, -2770.81, 2.37141e-05
39, -8940.47, -2770.81, 7.50246e-05
39, -8940.47, -2770.81, 0.00387109
39, -8940.47, -2770.81, 9.77671e-05
39, -8574.15, -2896.74, 0.995932
39, -8574.15, -2896.74, 2.37112e-05
39, -8574.15, -2896.74, 7.50193e-05
39, -8574.15, -2896.74, 0.00387196
39, -8574.15, -2896.74, 9.7767e-05
39, -8856.79, -2934.41, 0.995932
39, -8856.79, -2934.41, 2.3721e-05
39, -8856.79, -2934.41, 7.50377e-05
39, -8856.79, -2934.41, 0.00387191
39, -8856.79, -2934.41, 9.77672e-05
39, -8940.01, -3267.13, 0.995935
39, -8940.01, -3267.13, 2.36949e-05
39, -8940.01, -3267.13, 7.49883e-05
39, -8940.01, -3267.13, 0.00386912
39, -8940.01, -3267.13, 9.77666e-05
39, -8657.83, -2733.14, 0.995931
39, -8657.83, -2733.14, 2.37227e-05
39, -8657.83, -2733.14, 7.5041e-05
39, -8657.83, -2733.14, 0.00387259
39, -8657.83, -2733.14, 9.77673e-05
39, -8741.51, -2569.54, 0.995934
39, -8741.51, -2569.54, 2.36985e-05
39, -8741.51, -2569.54, 7.49951e-05
39, -8741.51, -2569.54, 0.00386963
39, -8741.51, -2569.54, 9.77666e-05
39, -9223.11, -2808.48, 0.995935
39, -9223.11, -2808.48, 2.36986e-05
39, -9223.11, -2808.48, 7.49952e-05
39, -9223.11, -2808.48, 0.00386925
39, -9223.11, -2808.48, 9.77667e-05
39, -8375.19, -2695.47, 0.996104
39, -8375.19, -2695.47, 1.55147e-05
39, -8375.19, -2695.47, 5.06586e-05
39, -8375.19, -2695.47, 0.00375115
39, -8375.19, -2695.47, 7.90929e-05
39, -8259.92, -2330.6, 0.996107
39, -8259.92, -2330.6, 1.54988e-05
39, -8259.92, -2330.6, 5.06283e-05
39, -8259.92, -2330.6, 0.00374845
39, -8259.92, -2330.6, 7.90925e-05
39, -8176.24, -2494.2, 0.996104
39, -8176.24, -2494.2, 1.55077e-05
39, -8176.24, -2494.2, 5.06452e-05
39, -8176.24, -2494.2, 0.00375082
39, -8176.24, -2494.2, 7.90927e-05
39, -8458.87, -2531.87, 0.996105
39, -8458.87, -2531.87, 1.55093e-05
39, -8458.87, -2531.87, 5.06482e-05
39, -8458.87, -2531.87, 0.00374965
39, -8458.87, -2531.87, 7.90927e-05
39, -7642.55, -2947.32, 0.99689
39, -7642.55, -2947.32, 6.48265e-06
39, -7642.55, -2947.32, 2.35436e-05
39, -7642.55, -2947.32, 0.0029522
39, -7642.55, -2947.32, 0.000127903
39, -8207.83, -3022.66, 0.99689
39, -8207.83, -3022.66, 6.4765e-06
39, -8207.83, -3022.66, 2.3532e-05
39, -8207.83, -3022.66, 0.0029525
39, -8207.83, -3022.66, 0.000127903
39, -7588.99, -3169.93, 0.99689
39, -7588.99, -3169.93, 6.48307e-06
39, -7588.99, -3169.93, 2.35444e-05
39, -7588.99, -3169.93, 0.0029517
39, -7588.99, -3169.93, 0.000127903
39, -8657.37, -3229.46, 0.996889
39, -8657.37, -3229.46, 6.5093e-06
39, -8657.37, -3229.46, 2.35939e-05
39, -8657.37, -3229.46, 0.00295264
39, -8657.37, -3229.46, 0.000127904
39, -8490.47, -3060.33, 0.996888
39, -8490.47, -3060.33, 6.49841e-06
39, -8490.47, -3060.33, 2.35734e-05
39, -8490.47, -3060.33, 0.00295358
39, -8490.47, -3060.33, 0.000127903
39, -7925.19, -2984.99, 0.99689
39, -7925.19, -2984.99, 6.47745e-06
39, -7925.19, -2984.99, 2.35338e-05
39, -7925.19, -2984.99, 0.00295246
39, -7925.19, -2984.99, 0.000127903
39, -7809.46, -3116.45, 0.99689
39, -7809.46, -3116.45, 6.48095e-06
39, -7809.46, -3116.45, 2.35404e-05
39, -7809.46, -3116.45, 0.00295196
39, -7809.46, -3116.45, 0.000127903
39, -8008.87, -2821.39, 0.99689
39, -8008.87, -2821.39, 6.4782e-06
39, -8008.87, -2821.39, 2.35352e-05
39, -8008.87, -2821.39, 0.00295242
39, -8008.87, -2821.39, 0.000127903
39, -8092.55, -2657.79, 0.996889
39, -8092.55, -2657.79, 6.48967e-06
39, -8092.55, -2657.79, 2.35569e-05
39, -8092.55, -2657.79, 0.00295339
39, -8092.55, -2657.79, 0.000127903
39, -8291.51, -2859.06, 0.996889
39, -8291.51, -2859.06, 6.49009e-06
39, -8291.51, -2859.06, 2.35577e-05
39, -8291.51, -2859.06, 0.0029535
39, -8291.51, -2859.06, 0.000127903
39, -8092.09, -3154.12, 0.99689
39, -8092.09, -3154.12, 6.48368e-06
39, -8092.09, -3154.12, 2.35456e-05
39, -8092.09, -3154.12, 0.00295171
39, -8092.09, -3154.12, 0.000127903
39, -8374.73, -3191.79, 0.99689
39, -8374.73, -3191.79, 6.48662e-06
39, -8374.73, -3191.79, 2.35511e-05
39, -8374.73, -3191.79, 0.0029517
39, -8374.73, -3191.79, 0.000127903
39, -8977.78, -4300.33, 0.996671
39, -8977.78, -4300.33, 1.32758e-05
39, -8977.78, -4300.33, 4.36182e-05
39, -8977.78, -4300.33, 0.00321499
39, -8977.78, -4300.33, 5.67559e-05
39, -9440.72, -3774.51, 0.99667
39, -9440.72, -3774.51, 1.32862e-05
39, -9440.72, -3774.51, 4.36379e-05
39, -9440.72, -3774.51, 0.00321605
39, -9440.72, -3774.51, 5.67562e-05
39, -9672.19, -3511.6, 0.996669
39, -9672.19, -3511.6, 1.32904e-05
39, -9672.19, -3511.6, 4.36459e-05
39, -9672.19, -3511.6, 0.0032154
39, -9672.19, -3511.6, 5.67563e-05
39, -9106.92, -3436.26, 0.996671
39, -9106.92, -3436.26, 1.32928e-05
39, -9106.92, -3436.26, 4.36503e-05
39, -9106.92, -3436.26, 0.00321561
39, -9106.92, -3436.26, 5.67564e-05
39, -8875.44, -3699.17, 0.996671
39, -8875.44, -3699.17, 1.3284e-05
39, -8875.44, -3699.17, 4.36337e-05
39, -8875.44, -3699.17, 0.0032149
39, -8875.44, -3699.17, 5.67561e-05
39, -9209.25, -4037.42, 0.99667
39, -9209.25, -4037.42, 1.32862e-05
39, -9209.25, -4037.42, 4.36379e-05
39, -9209.25, -4037.42, 0.00321605
39, -9209.25, -4037.42, 5.67562e-05
39, -8590.42, -4184.69, 0.996672
39, -8590.42, -4184.69, 1.32786e-05
39, -8590.42, -4184.69, 4.36234e-05
39, -8590.42, -4184.69, 0.00321428
39, -8590.42, -4184.69, 5.6756e-05
39, -8691.02, -4350.8, 0.996672
39, -8691.02, -4350.8, 1.32697e-05
39, -8691.02, -4350.8, 4.36067e-05
39, -8691.02, -4350.8, 0.00321436
39, -8691.02, -4350.8, 5.67557e-05
39, -9556.46, -3643.06, 0.99667
39, -9556.46, -3643.06, 1.32862e-05
39, -9556.46, -3643.06, 4.36379e-05
39, -9556.46, -3643.06, 0.00321605
39, -9556.46, -3643.06, 5.67562e-05
39, -9273.82, -3605.38, 0.99667
39, -9273.82, -3605.38, 1.32862e-05
39, -9273.82, -3605.38, 4.36379e-05
39, -9273.82, -3605.38, 0.00321605
39, -9273.82, -3605.38, 5.67562e-05
39, -9158.08, -3736.84, 0.99667
39, -9158.08, -3736.84, 1.32862e-05
39, -9158.08, -3736.84, 4.36379e-05
39, -9158.08, -3736.84, 0.00321605
39, -9158.08, -3736.84, 5.67562e-05
39, -8810.88, -4131.2, 0.99667
39, -8810.88, -4131.2, 1.3285e-05
39, -8810.88, -4131.2, 4.36356e-05
39, -8810.88, -4131.2, 0.00321592
39, -8810.88, -4131.2, 5.67561e-05
39, -9093.52, -4168.87, 0.99667
39, -9093.52, -4168.87, 1.32862e-05
39, -9093.52, -4168.87, 4.36379e-05
39, -9093.52, -4168.87, 0.00321605
39, -9093.52, -4168.87, 5.67562e-05
39, -9324.99, -3905.97, 0.99667
39, -9324.99, -3905.97, 1.32862e-05
39, -9324.99, -3905.97, 4.36379e-05
39, -9324.99, -3905.97, 0.00321605
39, -9324.99, -3905.97, 5.67562e-05
39, -9389.55, -3473.93, 0.996671
39, -9389.55, -3473.93, 1.32869e-05
39, -9389.55, -3473.93, 4.36391e-05
39, -9389.55, -3473.93, 0.00321498
39, -9389.55, -3473.93, 5.67562e-05
39, -8991.18, -3567.71, 0.996671
39, -8991.18, -3567.71, 1.32855e-05
39, -8991.18, -3567.71, 4.36364e-05
39, -8991.18, -3567.71, 0.00321565
39, -8991.18, -3567.71, 5.67562e-05
39, -8926.61, -3999.75, 0.996671
39, -8926.61, -3999.75, 1.32855e-05
39, -8926.61, -3999.75, 4.36364e-05
39, -8926.61, -3999.75, 0.00321565
39, -8926.61, -3999.75, 5.67562e-05
39, -9042.35, -3868.29, 0.99667
39, -9042.35, -3868.29, 1.32862e-05
39, -9042.35, -3868.29, 4.36377e-05
39, -9042.35, -3868.29, 0.00321601
39, -9042.35, -3868.29, 5.67562e-05
39, -8310.17, -3623.82, 0.997311
39, -8310.17, -3623.82, 1.19719e-05
39, -8310.17, -3623.82, 3.82581e-05
39, -8310.17, -3623.82, 0.00252428
39, -8310.17, -3623.82, 0.000114973
39, -8541.64, -3360.92, 0.997309
39, -8541.64, -3360.92, 1.19604e-05
39, -8541.64, -3360.92, 3.82362e-05
39, -8541.64, -3360.92, 0.00252555
39, -8541.64, -3360.92, 0.000114972
39, -8643.97, -3962.08, 0.99731
39, -8643.97, -3962.08, 1.19729e-05
39, -8643.97, -3962.08, 3.82599e-05
39, -8643.97, -3962.08, 0.00252504
39, -8643.97, -3962.08, 0.000114973
39, -8425.9, -3492.37, 0.99731
39, -8425.9, -3492.37, 1.19704e-05
39, -8425.9, -3492.37, 3.82552e-05
39, -8425.9, -3492.37, 0.00252474
39, -8425.9, -3492.37, 0.000114973
39, -8592.81, -3661.5, 0.99731
39, -8592.81, -3661.5, 1.19704e-05
39, -8592.81, -3661.5, 3.82552e-05
39, -8592.81, -3661.5, 0.00252477
39, -8592.81, -3661.5, 0.000114973
39, -8477.07, -3792.95, 0.99731
39, -8477.07, -3792.95, 1.19711e-05
39, -8477.07, -3792.95, 3.82565e-05
39, -8477.07, -3792.95, 0.00252453
39, -8477.07, -3792.95, 0.000114973
39, -8708.54, -3530.04, 0.99731
39, -8708.54, -3530.04, 1.19708e-05
39, -8708.54, -3530.04, 3.8256e-05
39, -8708.54, -3530.04, 0.00252499
39, -8708.54, -3530.04, 0.000114973
39, -8824.28, -3398.59, 0.997308
39, -8824.28, -3398.59, 1.19755e-05
39, -8824.28, -3398.59, 3.82649e-05
39, -8824.28, -3398.59, 0.00252631
39, -8824.28, -3398.59, 0.000114973
39, -8259, -3323.24, 0.99731
39, -8259, -3323.24, 1.19614e-05
39, -8259, -3323.24, 3.82382e-05
39, -8259, -3323.24, 0.00252523
39, -8259, -3323.24, 0.000114973
39, -8759.71, -3830.62, 0.997309
39, -8759.71, -3830.62, 1.19719e-05
39, -8759.71, -3830.62, 3.8258e-05
39, -8759.71, -3830.62, 0.00252553
39, -8759.71, -3830.62, 0.000114973
39, -7428.32, -3837.76, 0.997722
39, -7428.32, -3837.76, 1.32705e-05
39, -7428.32, -3837.76, 4.28885e-05
39, -7428.32, -3837.76, 0.00214847
39, -7428.32, -3837.76, 7.27497e-05
39, -7535.44, -3392.54, 0.997725
39, -7535.44, -3392.54, 1.3281e-05
39, -7535.44, -3392.54, 4.29082e-05
39, -7535.44, -3392.54, 0.00214651
39, -7535.44, -3392.54, 7.275e-05
39, -8203.05, -4069.04, 0.997725
39, -8203.05, -4069.04, 1.32726e-05
39, -8203.05, -4069.04, 4.28925e-05
39, -8203.05, -4069.04, 0.00214644
39, -8203.05, -4069.04, 7.27497e-05
39, -7976.36, -3285.57, 0.997723
39, -7976.36, -3285.57, 1.32689e-05
39, -7976.36, -3285.57, 4.28854e-05
39, -7976.36, -3285.57, 0.002148
39, -7976.36, -3285.57, 7.27496e-05
39, -7481.88, -3615.15, 0.997725
39, -7481.88, -3615.15, 1.32827e-05
39, -7481.88, -3615.15, 4.29114e-05
39, -7481.88, -3615.15, 0.0021463
39, -7481.88, -3615.15, 7.275e-05
39, -7815.69, -3953.4, 0.997723
39, -7815.69, -3953.4, 1.32738e-05
39, -7815.69, -3953.4, 4.28947e-05
39, -7815.69, -3953.4, 0.00214788
39, -7815.69, -3953.4, 7.27498e-05
39, -7869.24, -3730.79, 0.997725
39, -7869.24, -3730.79, 1.32827e-05
39, -7869.24, -3730.79, 4.29114e-05
39, -7869.24, -3730.79, 0.0021463
39, -7869.24, -3730.79, 7.275e-05
39, -7922.8, -3508.18, 0.997725
39, -7922.8, -3508.18, 1.32827e-05
39, -7922.8, -3508.18, 4.29114e-05
39, -7922.8, -3508.18, 0.0021463
39, -7922.8, -3508.18, 7.275e-05
39, -8256.61, -3846.43, 0.997724
39, -8256.61, -3846.43, 1.32813e-05
39, -8256.61, -3846.43, 4.29089e-05
39, -8256.61, -3846.43, 0.0021467
39, -8256.61, -3846.43, 7.275e-05
39, -8143.26, -3454.7, 0.997724
39, -8143.26, -3454.7, 1.32797e-05
39, -8143.26, -3454.7, 4.29058e-05
39, -8143.26, -3454.7, 0.00214718
39, -8143.26, -3454.7, 7.27499e-05
39, -7755.9, -3339.06, 0.997724
39, -7755.9, -3339.06, 1.32763e-05
39, -7755.9, -3339.06, 4.28994e-05
39, -7755.9, -3339.06, 0.00214707
39, -7755.9, -3339.06, 7.27498e-05
39, -8423.51, -4015.56, 0.997723
39, -8423.51, -4015.56, 1.32807e-05
39, -8423.51, -4015.56, 4.29076e-05
39, -8423.51, -4015.56, 0.00214789
39, -8423.51, -4015.56, 7.275e-05
39, -7050.47, -5063.43, 0.995153
39, -7050.47, -5063.43, 1.39282e-06
39, -7050.47, -5063.43, 4.69986e-06
39, -7050.47, -5063.43, 0.00418912
39, -7050.47, -5063.43, 0.000651412
39, -7523.13, -5214.66, 0.995161
39, -7523.13, -5214.66, 1.39443e-06
39, -7523.13, -5214.66, 4.70288e-06
39, -7523.13, -5214.66, 0.00418334
39, -7523.13, -5214.66, 0.000651412
39, -7830.74, -4502.23, 0.995158
39, -7830.74, -4502.23, 1.39389e-06
39, -7830.74, -4502.23, 4.70185e-06
39, -7830.74, -4502.23, 0.00418531
39, -7830.74, -4502.23, 0.000651412
39, -7239.4, -4450.6, 0.995153
39, -7239.4, -4450.6, 1.39282e-06
39, -7239.4, -4450.6, 4.69986e-06
39, -7239.4, -4450.6, 0.00418912
39, -7239.4, -4450.6, 0.000651412
39, -7629.53, -4170, 0.995153
39, -7629.53, -4170, 1.39285e-06
39, -7629.53, -4170, 4.6999e-06
39, -7629.53, -4170, 0.00418911
39, -7629.53, -4170, 0.000651412
39, -7440.61, -4782.83, 0.995153
39, -7440.61, -4782.83, 1.39282e-06
39, -7440.61, -4782.83, 4.69986e-06
39, -7440.61, -4782.83, 0.00418912
39, -7440.61, -4782.83, 0.000651412
39, -7286.8, -5139.05, 0.995153
39, -7286.8, -5139.05, 1.39282e-06
39, -7286.8, -5139.05, 4.69986e-06
39, -7286.8, -5139.05, 0.00418912
39, -7286.8, -5139.05, 0.000651412
39, -7676.93, -4858.45, 0.995166
39, -7676.93, -4858.45, 1.39554e-06
39, -7676.93, -4858.45, 4.70496e-06
39, -7676.93, -4858.45, 0.00417936
39, -7676.93, -4858.45, 0.000651412
39, -8016.89, -4285.64, 0.995157
39, -8016.89, -4285.64, 1.3969e-06
39, -8016.89, -4285.64, 4.70754e-06
39, -8016.89, -4285.64, 0.00418599
39, -8016.89, -4285.64, 0.000651412
39, -7333.86, -4144.18, 0.995153
39, -7333.86, -4144.18, 1.39207e-06
39, -7333.86, -4144.18, 4.69842e-06
39, -7333.86, -4144.18, 0.00418925
39, -7333.86, -4144.18, 0.000651412
39, -7144.93, -4757.01, 0.995153
39, -7144.93, -4757.01, 1.39282e-06
39, -7144.93, -4757.01, 4.69986e-06
39, -7144.93, -4757.01, 0.00418912
39, -7144.93, -4757.01, 0.000651412
39, -7528.92, -4003.88, 0.995159
39, -7528.92, -4003.88, 1.41823e-06
39, -7528.92, -4003.88, 4.7478e-06
39, -7528.92, -4003.88, 0.00418451
39, -7528.92, -4003.88, 0.000651413
39, -7730.13, -4336.11, 0.995153
39, -7730.13, -4336.11, 1.39283e-06
39, -7730.13, -4336.11, 4.69987e-06
39, -7730.13, -4336.11, 0.00418911
39, -7730.13, -4336.11, 0.000651412
39, -7245.54, -4923.13, 0.995153
39, -7245.54, -4923.13, 1.39282e-06
39, -7245.54, -4923.13, 4.69986e-06
39, -7245.54, -4923.13, 0.00418912
39, -7245.54, -4923.13, 0.000651412
39, -7635.67, -4642.53, 0.995153
39, -7635.67, -4642.53, 1.39283e-06
39, -7635.67, -4642.53, 4.69987e-06
39, -7635.67, -4642.53, 0.00418911
39, -7635.67, -4642.53, 0.000651412
39, -7340, -4616.71, 0.995153
39, -7340, -4616.71, 1.39282e-06
39, -7340, -4616.71, 4.69986e-06
39, -7340, -4616.71, 0.00418912
39, -7340, -4616.71, 0.000651412
39, -7434.46, -4310.3, 0.995153
39, -7434.46, -4310.3, 1.39282e-06
39, -7434.46, -4310.3, 4.69986e-06
39, -7434.46, -4310.3, 0.00418912
39, -7434.46, -4310.3, 0.000651412
39, -7535.07, -4476.41, 0.995153
39, -7535.07, -4476.41, 1.39282e-06
39, -7535.07, -4476.41, 4.69986e-06
39, -7535.07, -4476.41, 0.00418912
39, -7535.07, -4476.41, 0.000651412
39, -7916.29, -4119.52, 0.995159
39, -7916.29, -4119.52, 1.41631e-06
39, -7916.29, -4119.52, 4.74418e-06
39, -7916.29, -4119.52, 0.00418486
39, -7916.29, -4119.52, 0.000651412
39, -7481.87, -4998.75, 0.995153
39, -7481.87, -4998.75, 1.39283e-06
39, -7481.87, -4998.75, 4.69987e-06
39, -7481.87, -4998.75, 0.00418911
39, -7481.87, -4998.75, 0.000651412
39, -7777.12, -5692.68, 0.997927
39, -7777.12, -5692.68, 2.0139e-06
39, -7777.12, -5692.68, 1.13717e-05
39, -7777.12, -5692.68, 0.00204697
39, -7777.12, -5692.68, 1.25484e-05
39, -7991.3, -5691.72, 0.997927
39, -7991.3, -5691.72, 2.0139e-06
39, -7991.3, -5691.72, 1.13717e-05
39, -7991.3, -5691.72, 0.00204697
39, -7991.3, -5691.72, 1.25484e-05
39, -7862.71, -5277.94, 0.997927
39, -7862.71, -5277.94, 2.0139e-06
39, -7862.71, -5277.94, 1.13717e-05
39, -7862.71, -5277.94, 0.00204697
39, -7862.71, -5277.94, 1.25484e-05
39, -9035.46, -4973.46, 0.997927
39, -9035.46, -4973.46, 2.0139e-06
39, -9035.46, -4973.46, 1.13717e-05
39, -9035.46, -4973.46, 0.00204697
39, -9035.46, -4973.46, 1.25484e-05
39, -9230.54, -4564.24, 0.997927
39, -9230.54, -4564.24, 2.0139e-06
39, -9230.54, -4564.24, 1.13717e-05
39, -9230.54, -4564.24, 0.00204697
39, -9230.54, -4564.24, 1.25484e-05
39, -8449.09, -5125.7, 0.997927
39, -8449.09, -5125.7, 2.0139e-06
39, -8449.09, -5125.7, 1.13717e-05
39, -8449.09, -5125.7, 0.00204697
39, -8449.09, -5125.7, 1.25484e-05
39, -7846.72, -4890.09, 0.997927
39, -7846.72, -4890.09, 2.0139e-06
39, -7846.72, -4890.09, 1.13717e-05
39, -7846.72, -4890.09, 0.00204697
39, -7846.72, -4890.09, 1.25484e-05
39, -8433.1, -4737.85, 0.997927
39, -8433.1, -4737.85, 2.0139e-06
39, -8433.1, -4737.85, 1.13717e-05
39, -8433.1, -4737.85, 0.00204697
39, -8433.1, -4737.85, 1.25484e-05
39, -9006.62, -4636.9, 0.997927
39, -9006.62, -4636.9, 2.01391e-06
39, -9006.62, -4636.9, 1.13718e-05
39, -9006.62, -4636.9, 0.00204697
39, -9006.62, -4636.9, 1.25484e-05
39, -8404.26, -4401.28, 0.997926
39, -8404.26, -4401.28, 2.0222e-06
39, -8404.26, -4401.28, 1.13874e-05
39, -8404.26, -4401.28, 0.00204781
39, -8404.26, -4401.28, 1.25486e-05
39, -7650.12, -5453.67, 0.997927
39, -7650.12, -5453.67, 2.01389e-06
39, -7650.12, -5453.67, 1.13717e-05
39, -7650.12, -5453.67, 0.00204699
39, -7650.12, -5453.67, 1.25484e-05
39, -7884.21, -5692.2, 0.997927
39, -7884.21, -5692.2, 2.0139e-06
39, -7884.21, -5692.2, 1.13717e-05
39, -7884.21, -5692.2, 0.00204697
39, -7884.21, -5692.2, 1.25484e-05
39, -7927, -5484.83, 0.997927
39, -7927, -5484.83, 2.0139e-06
39, -7927, -5484.83, 1.13717e-05
39, -7927, -5484.83, 0.00204697
39, -7927, -5484.83, 1.25484e-05
39, -9133, -4768.85, 0.997927
39, -9133, -4768.85, 2.0139e-06
39, -9133, -4768.85, 1.13717e-05
39, -9133, -4768.85, 0.00204697
39, -9133, -4768.85, 1.25484e-05
39, -9104.16, -4432.28, 0.997927
39, -9104.16, -4432.28, 2.01916e-06
39, -9104.16, -4432.28, 1.13817e-05
39, -9104.16, -4432.28, 0.0020475
39, -9104.16, -4432.28, 1.25486e-05
39, -7692.92, -5246.3, 0.997925
39, -7692.92, -5246.3, 2.01352e-06
39, -7692.92, -5246.3, 1.1371e-05
39, -7692.92, -5246.3, 0.00204831
39, -7692.92, -5246.3, 1.25484e-05
39, -7819.92, -5485.31, 0.997927
39, -7819.92, -5485.31, 2.0139e-06
39, -7819.92, -5485.31, 1.13717e-05
39, -7819.92, -5485.31, 0.00204697
39, -7819.92, -5485.31, 1.25484e-05
39, -8155.9, -5201.82, 0.997927
39, -8155.9, -5201.82, 2.0139e-06
39, -8155.9, -5201.82, 1.13717e-05
39, -8155.9, -5201.82, 0.00204697
39, -8155.9, -5201.82, 1.25484e-05
39, -8742.28, -5049.58, 0.997927
39, -8742.28, -5049.58, 2.0139e-06
39, -8742.28, -5049.58, 1.13717e-05
39, -8742.28, -5049.58, 0.00204697
39, -8742.28, -5049.58, 1.25484e-05
39, -7838.73, -4696.16, 0.997921
39, -7838.73, -4696.16, 2.01256e-06
39, -7838.73, -4696.16, 1.13692e-05
39, -7838.73, -4696.16, 0.00205171
39, -7838.73, -4696.16, 1.25484e-05
39, -7854.72, -5084.02, 0.997927
39, -7854.72, -5084.02, 2.0139e-06
39, -7854.72, -5084.02, 1.13717e-05
39, -7854.72, -5084.02, 0.00204697
39, -7854.72, -5084.02, 1.25484e-05
39, -8734.28, -4855.66, 0.997927
39, -8734.28, -4855.66, 2.0139e-06
39, -8734.28, -4855.66, 1.13717e-05
39, -8734.28, -4855.66, 0.00204697
39, -8734.28, -4855.66, 1.25484e-05
39, -8131.92, -4620.04, 0.997927
39, -8131.92, -4620.04, 2.01386e-06
39, -8131.92, -4620.04, 1.13717e-05
39, -8131.92, -4620.04, 0.00204709
39, -8131.92, -4620.04, 1.25484e-05
39, -8992.2, -4468.61, 0.997925
39, -8992.2, -4468.61, 2.0286e-06
39, -8992.2, -4468.61, 1.13995e-05
39, -8992.2, -4468.61, 0.00204846
39, -8992.2, -4468.61, 1.25488e-05
39, -9021.04, -4805.18, 0.997927
39, -9021.04, -4805.18, 2.0139e-06
39, -9021.04, -4805.18, 1.13717e-05
39, -9021.04, -4805.18, 0.00204697
39, -9021.04, -4805.18, 1.25484e-05
39, -8117.5, -4451.76, 0.997925
39, -8117.5, -4451.76, 2.01345e-06
39, -8117.5, -4451.76, 1.13709e-05
39, -8117.5, -4451.76, 0.00204857
39, -8117.5, -4451.76, 1.25484e-05
39, -8441.09, -4931.78, 0.997927
39, -8441.09, -4931.78, 2.0139e-06
39, -8441.09, -4931.78, 1.13717e-05
39, -8441.09, -4931.78, 0.00204697
39, -8441.09, -4931.78, 1.25484e-05
39, -8147.9, -5007.9, 0.997927
39, -8147.9, -5007.9, 2.0139e-06
39, -8147.9, -5007.9, 1.13717e-05
39, -8147.9, -5007.9, 0.00204697
39, -8147.9, -5007.9, 1.25484e-05
39, -8139.91, -4813.97, 0.997927
39, -8139.91, -4813.97, 2.0139e-06
39, -8139.91, -4813.97, 1.13717e-05
39, -8139.91, -4813.97, 0.00204697
39, -8139.91, -4813.97, 1.25484e-05
39, -8705.44, -4519.09, 0.997925
39, -8705.44, -4519.09, 2.02853e-06
39, -8705.44, -4519.09, 1.13993e-05
39, -8705.44, -4519.09, 0.00204845
39, -8705.44, -4519.09, 1.25488e-05
39, -8719.86, -4687.37, 0.997927
39, -8719.86, -4687.37, 2.01391e-06
39, -8719.86, -4687.37, 1.13718e-05
39, -8719.86, -4687.37, 0.00204697
39, -8719.86, -4687.37, 1.25484e-05
39, -8418.68, -4569.56, 0.997927
39, -8418.68, -4569.56, 2.01391e-06
39, -8418.68, -4569.56, 1.13718e-05
39, -8418.68, -4569.56, 0.00204697
39, -8418.68, -4569.56, 1.25484e-05
39, -7684.92, -5052.37, 0.997919
39, -7684.92, -5052.37, 2.01206e-06
39, -7684.92, -5052.37, 1.13683e-05
39, -7684.92, -5052.37, 0.00205347
39, -7684.92, -5052.37, 1.25484e-05
39, -9118.58, -4600.57, 0.997927
39, -9118.58, -4600.57, 2.01391e-06
39, -9118.58, -4600.57, 1.13717e-05
39, -9118.58, -4600.57, 0.00204697
39, -9118.58, -4600.57, 1.25484e-05
39, -8303.66, -4235.16, 0.997926
39, -8303.66, -4235.16, 2.03404e-06
39, -8303.66, -4235.16, 1.14097e-05
39, -8303.66, -4235.16, 0.00204807
39, -8303.66, -4235.16, 1.2549e-05
